L	opf	cc	jcc
0.6	0.0152656	0.0226876	0.0221894
0.6008	0.0152434	0.022663	0.0221632
0.6016	0.0152281	0.0226381	0.022137
0.6024	0.0152116	0.0226173	0.0221151
0.6032	0.0151925	0.0225939	0.0220903
0.604	0.0151758	0.0225712	0.0220663
0.6048	0.015151	0.0225409	0.0220347
0.6056	0.0151249	0.0225105	0.0220033
0.6064	0.0151063	0.0224884	0.0219802
0.6072	0.0150889	0.022463	0.0219533
0.608	0.0150736	0.0224432	0.0219323
0.6088	0.0150439	0.0224091	0.0218971
0.6096	0.0150273	0.0223869	0.0218737
0.6104	0.015011	0.0223638	0.0218494
0.6112	0.014991	0.0223357	0.02182
0.612	0.0149701	0.0223131	0.0217966
0.6128	0.014946	0.0222845	0.021767
0.6136	0.014927	0.0222597	0.0217409
0.6144	0.0149092	0.022236	0.0217161
0.6152	0.0148844	0.0222053	0.0216842
0.616	0.0148633	0.0221787	0.0216563
0.6168	0.0148398	0.0221483	0.021625
0.6176	0.0148232	0.0221227	0.0215981
0.6184	0.0147995	0.0220973	0.0215717
0.6192	0.0147805	0.0220691	0.0215423
0.62	0.0147555	0.0220421	0.0215143
0.6208	0.0147401	0.0220208	0.021492
0.6216	0.0147232	0.021995	0.0214647
0.6224	0.0146894	0.0219567	0.0214255
0.6232	0.0146704	0.0219341	0.0214018
0.624	0.0146511	0.0219041	0.0213704
0.6248	0.0146222	0.0218727	0.0213381
0.6256	0.0146069	0.0218459	0.0213099
0.6264	0.0145858	0.021821	0.0212839
0.6272	0.0145642	0.0217918	0.0212536
0.628	0.0145422	0.0217668	0.0212276
0.6288	0.0145205	0.0217326	0.0211919
0.6296	0.0144956	0.0217026	0.0211609
0.6304	0.0144729	0.0216753	0.0211326
0.6312	0.0144537	0.0216507	0.0211069
0.632	0.0144259	0.0216128	0.0210676
0.6328	0.0144088	0.0215939	0.0210477
0.6336	0.0143886	0.0215624	0.021015
0.6344	0.0143627	0.0215282	0.0209796
0.6352	0.0143399	0.021499	0.0209493
0.636	0.0143233	0.0214766	0.0209257
0.6368	0.0142986	0.0214436	0.0208915
0.6376	0.0142719	0.0214074	0.0208543
0.6384	0.0142533	0.0213841	0.0208297
0.6392	0.0142286	0.0213491	0.0207938
0.64	0.0142099	0.021324	0.0207675
0.6408	0.0141837	0.0212885	0.020731
0.6416	0.0141597	0.0212583	0.0206998
0.6424	0.014143	0.0212316	0.0206719
0.6432	0.0141183	0.0211989	0.0206383
0.644	0.0140911	0.0211636	0.0206022
0.6448	0.014079	0.0211426	0.02058
0.6456	0.0140541	0.021111	0.0205476
0.6464	0.0140237	0.0210699	0.0205059
0.6472	0.0140125	0.0210458	0.0204806
0.648	0.0139934	0.0210216	0.020456
0.6488	0.0139578	0.0209759	0.0204093
0.6496	0.0139428	0.0209472	0.0203803
0.6504	0.0139201	0.0209168	0.0203494
0.6512	0.0139038	0.0208878	0.0203197
0.652	0.0138723	0.0208463	0.0202783
0.6528	0.013855	0.020818	0.0202495
0.6536	0.0138393	0.0207898	0.0202206
0.6544	0.0138197	0.0207577	0.0201883
0.6552	0.0137928	0.0207245	0.0201557
0.656	0.0137654	0.0206833	0.0201145
0.6568	0.0137537	0.0206564	0.0200873
0.6576	0.0137311	0.0206241	0.0200558
0.6584	0.0137022	0.0205844	0.0200171
0.6592	0.0136858	0.0205574	0.0199909
0.66	0.0136646	0.0205217	0.0199556
0.6608	0.0136414	0.0204897	0.0199248
0.6616	0.0136218	0.0204581	0.0198941
0.6624	0.0136016	0.0204226	0.0198602
0.6632	0.0135744	0.0203825	0.0198213
0.664	0.0135611	0.0203562	0.0197968
0.6648	0.0135447	0.0203277	0.01977
0.6656	0.0135194	0.020287	0.0197311
0.6664	0.0135082	0.0202643	0.0197098
0.6672	0.0134806	0.0202217	0.0196699
0.668	0.0134605	0.0201854	0.0196363
0.6688	0.0134374	0.020151	0.0196038
0.6696	0.0134223	0.0201196	0.0195748
0.6704	0.0134132	0.0200942	0.019552
0.6712	0.0133805	0.0200476	0.0195092
0.672	0.0133706	0.0200246	0.0194876
0.6728	0.0133427	0.0199809	0.0194474
0.6736	0.0133258	0.0199512	0.0194205
0.6744	0.0133063	0.0199156	0.0193888
0.6752	0.0132867	0.0198847	0.0193614
0.676	0.0132585	0.0198424	0.0193225
0.6768	0.0132458	0.0198141	0.0192965
0.6776	0.0132309	0.0197851	0.0192713
0.6784	0.013204	0.0197443	0.0192331
0.6792	0.0131961	0.0197226	0.0192147
0.68	0.0131751	0.0196825	0.019178
0.6808	0.0131475	0.0196477	0.0191466
0.6816	0.0131304	0.0196188	0.019121
0.6824	0.0131136	0.0195892	0.0190946
0.6832	0.013095	0.0195563	0.0190634
0.684	0.0130721	0.0195176	0.0190274
0.6848	0.013053	0.0194856	0.0189985
0.6856	0.0130355	0.0194551	0.0189697
0.6864	0.0130203	0.0194252	0.0189431
0.6872	0.0130011	0.0193942	0.0189146
0.688	0.0129826	0.0193626	0.0188851
0.6888	0.0129565	0.0193253	0.0188505
0.6896	0.0129455	0.0193006	0.018827
0.6904	0.0129173	0.0192639	0.018792
0.6912	0.0129035	0.019232	0.018762
0.692	0.0128874	0.01921	0.0187409
0.6928	0.0128714	0.0191806	0.0187128
0.6936	0.0128468	0.0191443	0.0186778
0.6944	0.012828	0.0191126	0.018647
0.6952	0.0128079	0.019082	0.0186164
0.696	0.0127932	0.0190599	0.0185961
0.6968	0.0127685	0.0190218	0.0185574
0.6976	0.0127482	0.0189914	0.0185276
0.6984	0.0127318	0.0189606	0.018497
0.6992	0.0127092	0.0189294	0.0184653
0.7	0.0126924	0.0189026	0.0184384
0.7008	0.0126624	0.0188663	0.0184017
0.7016	0.0126511	0.0188421	0.0183771
0.7024	0.0126287	0.0188104	0.0183447
0.7032	0.0126095	0.0187818	0.0183154
0.704	0.0125928	0.0187512	0.0182835
0.7048	0.0125736	0.0187226	0.0182537
0.7056	0.0125563	0.0186996	0.0182299
0.7064	0.0125294	0.0186609	0.0181896
0.7072	0.0125067	0.0186292	0.0181564
0.708	0.0124885	0.0186	0.0181251
0.7088	0.0124643	0.0185628	0.0180866
0.7096	0.0124486	0.0185447	0.0180668
0.7104	0.0124307	0.0185207	0.0180413
0.7112	0.0124011	0.0184799	0.0179978
0.712	0.012381	0.01845	0.017966
0.7128	0.0123598	0.0184198	0.0179339
0.7136	0.0123395	0.0183956	0.0179074
0.7144	0.0123243	0.0183691	0.0178787
0.7152	0.0123031	0.0183408	0.0178479
0.716	0.0122791	0.0183119	0.0178165
0.7168	0.0122528	0.0182763	0.0177782
0.7176	0.0122328	0.018246	0.017745
0.7184	0.0122113	0.0182177	0.0177141
0.7192	0.012184	0.0181878	0.0176816
0.72	0.0121708	0.0181639	0.0176542
0.7208	0.0121458	0.0181336	0.0176212
0.7216	0.0121237	0.0181072	0.0175914
0.7224	0.0120942	0.0180672	0.0175482
0.7232	0.0120748	0.0180464	0.0175248
0.724	0.0120509	0.0180146	0.0174887
0.7248	0.0120293	0.0179882	0.017459
0.7256	0.0120074	0.0179565	0.0174238
0.7264	0.0119842	0.0179288	0.0173926
0.7272	0.0119591	0.0179	0.0173597
0.728	0.0119418	0.0178757	0.0173317
0.7288	0.0119146	0.0178446	0.0172969
0.7296	0.0118915	0.0178146	0.0172635
0.7304	0.011866	0.017791	0.0172361
0.7312	0.0118376	0.0177568	0.0171977
0.732	0.0118111	0.0177253	0.0171618
0.7328	0.011789	0.0177013	0.0171343
0.7336	0.011771	0.0176822	0.0171112
0.7344	0.0117327	0.0176395	0.0170637
0.7352	0.0117138	0.0176193	0.0170382
0.736	0.0116918	0.0175934	0.0170093
0.7368	0.0116687	0.0175704	0.016982
0.7376	0.0116412	0.0175429	0.0169497
0.7384	0.0116116	0.01751	0.0169114
0.7392	0.0115857	0.0174831	0.01688
0.74	0.0115627	0.0174587	0.0168513
0.7408	0.0115378	0.0174343	0.0168219
0.7416	0.0115081	0.0174058	0.0167876
0.7424	0.0114846	0.0173814	0.0167589
0.7432	0.0114561	0.0173534	0.0167256
0.744	0.0114288	0.0173262	0.0166931
0.7448	0.0114012	0.0172992	0.016661
0.7456	0.011375	0.0172762	0.0166331
0.7464	0.0113481	0.0172527	0.0166033
0.7472	0.0113243	0.0172345	0.0165813
0.748	0.0112983	0.0172079	0.0165486
0.7488	0.0112699	0.0171822	0.0165168
0.7496	0.0112382	0.0171547	0.0164837
0.7504	0.0112047	0.0171241	0.0164466
0.7512	0.0111784	0.0171046	0.0164224
0.752	0.0111458	0.0170749	0.0163863
0.7528	0.0111222	0.0170571	0.0163628
0.7536	0.0111051	0.0170449	0.0163442
0.7544	0.0110654	0.017015	0.0163091
0.7552	0.0110355	0.0169857	0.0162726
0.756	0.0110108	0.0169693	0.01625
0.7568	0.0109752	0.0169448	0.0162191
0.7576	0.0109516	0.0169246	0.0161927
0.7584	0.0109156	0.016896	0.0161573
0.7592	0.010888	0.0168793	0.0161345
0.76	0.010855	0.0168558	0.0161047
0.7608	0.0108339	0.0168414	0.0160816
0.7616	0.0108004	0.0168183	0.0160521
0.7624	0.0107641	0.0167951	0.0160236
0.7632	0.0107465	0.0167853	0.0160059
0.764	0.0107055	0.0167568	0.0159706
0.7648	0.0106771	0.0167383	0.0159441
0.7656	0.0106449	0.0167193	0.0159186
0.7664	0.0106187	0.0167009	0.0158921
0.7672	0.010588	0.0166846	0.01587
0.768	0.0105552	0.016662	0.0158395
0.7688	0.010521	0.0166436	0.0158156
0.7696	0.0104849	0.0166224	0.0157872
0.7704	0.0104593	0.0166108	0.0157684
0.7712	0.010423	0.016587	0.0157359
0.772	0.0103959	0.0165739	0.0157168
0.7728	0.0103603	0.0165519	0.0156864
0.7736	0.010323	0.0165306	0.0156597
0.7744	0.010297	0.0165192	0.01564
0.7752	0.0102624	0.0164987	0.0156129
0.776	0.010228	0.0164819	0.0155888
0.7768	0.010197	0.0164665	0.0155669
0.7776	0.010163	0.0164485	0.0155415
0.7784	0.0101341	0.0164357	0.0155218
0.7792	0.0101001	0.0164156	0.0154951
0.78	0.0100682	0.0164024	0.0154757
0.7808	0.0100295	0.0163809	0.0154468
0.7816	0.00999415	0.0163631	0.0154225
0.7824	0.00996112	0.0163466	0.0153988
0.7832	0.00993509	0.0163367	0.0153836
0.784	0.00989791	0.0163162	0.0153556
0.7848	0.00986077	0.0162971	0.015331
0.7856	0.00983221	0.0162849	0.0153128
0.7864	0.00980731	0.0162758	0.0152971
0.7872	0.00976698	0.0162526	0.0152679
0.788	0.00974946	0.0162491	0.0152576
0.7888	0.00970673	0.0162246	0.0152282
0.7896	0.00967218	0.0162081	0.0152046
0.7904	0.00964511	0.0161965	0.0151872
0.7912	0.00960799	0.0161754	0.0151615
0.792	0.00958241	0.0161659	0.0151458
0.7928	0.00954826	0.0161482	0.0151223
0.7936	0.00951386	0.01613	0.0150985
0.7944	0.0094906	0.0161213	0.015084
0.7952	0.00945703	0.0161009	0.0150579
0.796	0.00941866	0.01608	0.015032
0.7968	0.00939044	0.0160658	0.0150123
0.7976	0.00936163	0.0160515	0.0149927
0.7984	0.00933773	0.0160411	0.0149767
0.7992	0.00930361	0.016022	0.0149527
0.8	0.00926892	0.016003	0.0149283
0.8008	0.00923661	0.0159823	0.0149025
0.8016	0.00921648	0.0159762	0.0148915
0.8024	0.00918123	0.0159543	0.014864
0.8032	0.0091541	0.015941	0.014846
0.804	0.0091215	0.0159196	0.0148192
0.8048	0.00909623	0.0159063	0.0148009
0.8056	0.00905569	0.0158803	0.0147698
0.8064	0.00903488	0.015867	0.0147513
0.8072	0.00900589	0.0158523	0.0147317
0.808	0.00897878	0.0158346	0.0147087
0.8088	0.00894732	0.0158165	0.0146856
0.8096	0.00891362	0.0157922	0.0146561
0.8104	0.0088964	0.0157875	0.0146465
0.8112	0.0088677	0.0157655	0.0146193
0.812	0.00884068	0.0157461	0.0145947
0.8128	0.00882536	0.0157381	0.0145815
0.8136	0.00878774	0.015711	0.0145494
0.8144	0.00875764	0.0156888	0.0145219
0.8152	0.00872287	0.0156631	0.014491
0.816	0.00870693	0.015654	0.0144766
0.8168	0.0086775	0.0156312	0.0144487
0.8176	0.00865827	0.0156182	0.0144302
0.8184	0.00863675	0.015606	0.0144128
0.8192	0.00859172	0.0155646	0.0143661
0.82	0.00858053	0.0155592	0.0143551
0.8208	0.00855231	0.0155362	0.0143268
0.8216	0.00853366	0.0155217	0.0143068
0.8224	0.00850385	0.015494	0.0142737
0.8232	0.00848796	0.0154787	0.0142527
0.824	0.00845511	0.0154545	0.0142231
0.8248	0.00843242	0.0154287	0.0141916
0.8256	0.00841341	0.0154134	0.0141704
0.8264	0.00839582	0.015397	0.0141482
0.8272	0.00837094	0.0153691	0.0141143
0.828	0.00833894	0.0153401	0.0140797
0.8288	0.00832769	0.0153269	0.0140604
0.8296	0.00831612	0.0153108	0.0140383
0.8304	0.00828599	0.0152789	0.0140004
0.8312	0.00826916	0.0152619	0.0139774
0.832	0.00825939	0.0152475	0.0139567
0.8328	0.00822863	0.0152129	0.0139161
0.8336	0.00821227	0.0151948	0.0138918
0.8344	0.00819095	0.0151677	0.0138586
0.8352	0.00817039	0.0151405	0.013825
0.836	0.00816117	0.0151196	0.0137973
0.8368	0.00813052	0.0150847	0.013756
0.8376	0.00812904	0.0150768	0.0137418
0.8384	0.00812021	0.0150592	0.0137173
0.8392	0.0081026	0.015031	0.0136824
0.84	0.00807767	0.0149978	0.0136426
0.8408	0.00805998	0.0149702	0.0136082
0.8416	0.00806111	0.014961	0.0135919
0.8424	0.00803326	0.0149228	0.0135468
0.8432	0.00802899	0.0149088	0.0135256
0.844	0.00801476	0.0148769	0.0134866
0.8448	0.00799211	0.0148455	0.0134482
0.8456	0.00798143	0.0148205	0.013416
0.8464	0.00797468	0.0148001	0.013388
0.8472	0.00794532	0.0147607	0.0133415
0.848	0.00795252	0.0147515	0.0133245
0.8488	0.00792248	0.0146992	0.0132646
0.8496	0.00791634	0.0146824	0.0132401
0.8504	0.00790768	0.014655	0.0132049
0.8512	0.00788808	0.0146255	0.0131675
0.852	0.00789006	0.0146125	0.0131466
0.8528	0.00786363	0.0145602	0.0130862
0.8536	0.00786018	0.0145452	0.0130631
0.8544	0.00785272	0.0145253	0.0130351
0.8552	0.00781749	0.0144709	0.0129725
0.856	0.00782188	0.0144573	0.0129503
0.8568	0.00780407	0.0144199	0.0129043
0.8576	0.00780007	0.014396	0.0128717
0.8584	0.00778164	0.0143626	0.0128297
0.8592	0.00776295	0.0143264	0.0127846
0.86	0.00773812	0.0142801	0.0127292
0.8608	0.00773466	0.0142585	0.0126989
0.8616	0.00772566	0.014227	0.0126581
0.8624	0.00771808	0.0142017	0.0126235
0.8632	0.00769419	0.0141565	0.012569
0.864	0.00768772	0.0141326	0.0125355
0.8648	0.00767059	0.0141002	0.0124936
0.8656	0.00765669	0.0140623	0.012446
0.8664	0.00764216	0.0140261	0.0123998
0.8672	0.00762041	0.0139825	0.0123463
0.868	0.00762241	0.0139675	0.012321
0.8688	0.00760257	0.0139218	0.0122651
0.8696	0.00758305	0.0138835	0.0122165
0.8704	0.00756919	0.0138442	0.0121665
0.8712	0.00755331	0.0138091	0.0121202
0.872	0.0075369	0.0137678	0.0120683
0.8728	0.00751171	0.0137228	0.0120125
0.8736	0.00749321	0.013684	0.0119626
0.8744	0.00750095	0.0136607	0.011928
0.8752	0.00748347	0.0136275	0.0118831
0.876	0.00746923	0.0135874	0.0118317
0.8768	0.00744959	0.0135426	0.0117751
0.8776	0.00743438	0.0135082	0.0117282
0.8784	0.00740659	0.0134548	0.011663
0.8792	0.00738858	0.0134202	0.0116159
0.88	0.00737553	0.0133766	0.0115598
0.8808	0.00733996	0.013321	0.011492
0.8816	0.00734528	0.0132959	0.0114538
0.8824	0.00732685	0.0132544	0.011399
0.8832	0.00730113	0.0132035	0.0113346
0.884	0.00728867	0.0131645	0.0112817
0.8848	0.00726999	0.0131179	0.0112221
0.8856	0.00724988	0.0130765	0.0111668
0.8864	0.00722349	0.0130158	0.0110913
0.8872	0.00720766	0.01298	0.0110415
0.888	0.00720086	0.0129478	0.0109945
0.8888	0.00716208	0.0128716	0.0109041
0.8896	0.00714384	0.0128347	0.0108519
0.8904	0.00712327	0.0127886	0.0107904
0.8912	0.00709012	0.0127241	0.0107102
0.892	0.0070766	0.012688	0.0106579
0.8928	0.00706147	0.0126385	0.0105929
0.8936	0.00703361	0.012587	0.0105243
0.8944	0.00702164	0.0125461	0.010468
0.8952	0.00698716	0.0124871	0.0103915
0.896	0.00696402	0.0124333	0.0103203
0.8968	0.00696493	0.0124036	0.0102741
0.8976	0.00692036	0.012324	0.0101749
0.8984	0.00690363	0.0122923	0.0101257
0.8992	0.00686957	0.0122269	0.0100419
0.9	0.00686297	0.0121848	0.00998129
0.9008	0.00684029	0.012133	0.00991009
0.9016	0.00682141	0.0120898	0.00984701
0.9024	0.00678503	0.0120169	0.00975462
0.9032	0.00674816	0.0119421	0.00965959
0.904	0.00673261	0.0118989	0.0095963
0.9048	0.00671101	0.0118496	0.009526
0.9056	0.00666955	0.0117743	0.00942886
0.9064	0.0066419	0.0117174	0.00934996
0.9072	0.00663301	0.0116664	0.00927839
0.908	0.00659569	0.01161	0.00919844
0.9088	0.00656348	0.0115374	0.00910291
0.9096	0.00653701	0.0114744	0.00901744
0.9104	0.00650106	0.0114148	0.00893255
0.9112	0.006472	0.01135	0.00884453
0.912	0.00645717	0.0113025	0.00877117
0.9128	0.00644782	0.0112444	0.00868825
0.9136	0.00639987	0.0111656	0.00858347
0.9144	0.00638121	0.0111077	0.00850081
0.9152	0.00632172	0.0110182	0.00838307
0.916	0.00627883	0.0109375	0.00827562
0.9168	0.00628417	0.0108956	0.00820819
0.9176	0.00623809	0.0108129	0.00809643
0.9184	0.00619705	0.0107399	0.00799247
0.9192	0.00617566	0.0106642	0.00788985
0.92	0.00611884	0.0105842	0.00777896
0.9208	0.00610541	0.0105083	0.00767406
0.9216	0.00606291	0.0104359	0.00757064
0.9224	0.00603055	0.0103783	0.00748128
0.9232	0.00599603	0.010298	0.00736848
0.924	0.0059729	0.0102207	0.00726101
0.9248	0.00593556	0.0101311	0.00713876
0.9256	0.0059115	0.0100547	0.00703006
0.9264	0.00586984	0.00997785	0.00692138
0.9272	0.00584403	0.00989794	0.00680731
0.928	0.00580207	0.00981634	0.00669177
0.9288	0.00577325	0.00972871	0.0065688
0.9296	0.00573566	0.00963314	0.00643761
0.9304	0.00568259	0.00954653	0.00631769
0.9312	0.00567336	0.00947872	0.00621288
0.932	0.00564673	0.00937824	0.00608089
0.9328	0.00558286	0.00928355	0.00595002
0.9336	0.00559538	0.00919657	0.00583139
0.9344	0.00552979	0.00910894	0.00570539
0.9352	0.00550727	0.00900047	0.00556593
0.936	0.00546093	0.00889626	0.0054292
0.9368	0.00546626	0.00882083	0.00532108
0.9376	0.00541341	0.00871774	0.00518568
0.9384	0.00534831	0.00858574	0.0050222
0.9392	0.00534688	0.0084925	0.00490031
0.94	0.00531723	0.00838996	0.00476908
0.9408	0.00527458	0.00827802	0.00463045
0.9416	0.00523946	0.00816346	0.00448945
0.9424	0.00520835	0.00803668	0.00434124
0.9432	0.00517007	0.00791445	0.00420064
0.944	0.00514174	0.00780716	0.00407381
0.9448	0.00513836	0.00771445	0.00395242
0.9456	0.00508349	0.0075729	0.00380645
0.9464	0.00506951	0.00747177	0.00368705
0.9472	0.0050218	0.0073243	0.00353461
0.948	0.0049797	0.00720441	0.00340188
0.9488	0.00496999	0.00707269	0.00326844
0.9496	0.00495275	0.00693239	0.00313408
0.9504	0.00490944	0.00679254	0.00300145
0.9512	0.00491604	0.00665733	0.00287502
0.952	0.00487503	0.00651516	0.00274553
0.9528	0.00486113	0.00637695	0.00262699
0.9536	0.00480724	0.00621475	0.00248532
0.9544	0.00479858	0.00607497	0.00237955
0.9552	0.00480501	0.00594798	0.00226545
0.956	0.00479249	0.00582443	0.00216825
0.9568	0.00476999	0.00564935	0.0020427
0.9576	0.00471708	0.0054964	0.00193659
0.9584	0.00473176	0.00534844	0.00182789
0.9592	0.00472436	0.00517677	0.0017213
0.96	0.00469249	0.00502404	0.00162646
0.9608	0.00470008	0.00485525	0.00152882
0.9616	0.00467254	0.00471745	0.00144845
0.9624	0.00465766	0.00455601	0.00135631
0.9632	0.00468551	0.0043911	0.00127602
0.964	0.00466808	0.00423429	0.00119341
0.9648	0.00465667	0.00408539	0.00112502
0.9656	0.00464992	0.0039218	0.00105107
0.9664	0.00464366	0.0037574	0.000974632
0.9672	0.00464563	0.00359674	0.000902059
0.968	0.00465337	0.00346617	0.000853436
0.9688	0.00466712	0.00329882	0.000789901
0.9696	0.00466473	0.00315723	0.000744183
0.9704	0.00466783	0.00301189	0.000683691
0.9712	0.00466745	0.0028421	0.000639154
0.972	0.00465637	0.00272617	0.000594942
0.9728	0.00471979	0.00256546	0.000554499
0.9736	0.00470503	0.00242572	0.000507994
0.9744	0.00479164	0.00232153	0.000491005
0.9752	0.00476423	0.0021832	0.00044255
0.976	0.0047943	0.00205657	0.000416378
0.9768	0.00485785	0.00193768	0.000397763
0.9776	0.00488464	0.00181551	0.00037581
0.9784	0.00495885	0.0017177	0.000354291
0.9792	0.00497797	0.00162529	0.000337074
0.98	0.005011	0.00148987	0.000304549
0.9808	0.0051279	0.00141649	0.000297052
0.9816	0.00519528	0.00133466	0.000289794
0.9824	0.00531474	0.00124074	0.000280307
0.9832	0.00539376	0.00115095	0.000251582
0.984	0.00545322	0.00107754	0.000240014
0.9848	0.00563759	0.00101893	0.000234074
0.9856	0.00576107	0.000942911	0.000220422
0.9864	0.00585715	0.000870941	0.000212242
0.9872	0.00603854	0.000827812	0.000214042
0.988	0.00635986	0.000783648	0.000224928
0.9888	0.00650258	0.000720287	0.000195309
0.9896	0.00682322	0.000672994	0.000212852
0.9904	0.00718274	0.000650548	0.000210037
0.9912	0.00762986	0.000606532	0.000199727
0.992	0.00810108	0.000595411	0.000213819
0.9928	0.00868558	0.00060066	0.000240785
0.9936	0.00948039	0.000564016	0.000234684
0.9944	0.0104766	0.000558831	0.000251515
0.9952	0.0116962	0.000565711	0.000261579
0.996	0.0134646	0.000586151	0.000285414
0.9968	0.0164037	0.000642552	0.0003331
0.9976	0.021215	0.000744825	0.000426602
0.9984	0.0308395	0.00103124	0.000655239
