L	opf	cc	jcc
0	0.0655087	0.06801	0.0677036
0.001	0.065387	0.0678914	0.0675876
0.002	0.0652474	0.0677546	0.0674521
0.003	0.0651093	0.067619	0.0673198
0.004	0.0649709	0.0674834	0.0671891
0.005	0.0648385	0.0673526	0.0670604
0.006	0.0647062	0.0672231	0.0669353
0.007	0.0645614	0.0670816	0.0667982
0.008	0.0644327	0.0669545	0.0666759
0.009	0.0642915	0.0668168	0.0665405
0.01	0.0641517	0.0666806	0.0664077
0.011	0.0640146	0.0665441	0.0662783
0.012	0.063881	0.0664136	0.0661515
0.013	0.0637448	0.0662789	0.0660215
0.014	0.0636089	0.0661466	0.0658929
0.015	0.0634663	0.0660058	0.0657587
0.016	0.0633208	0.065864	0.0656207
0.017	0.0631887	0.0657344	0.0654972
0.018	0.0630577	0.0656047	0.0653707
0.019	0.0629141	0.0654644	0.0652371
0.02	0.0627666	0.06532	0.0650967
0.021	0.0626303	0.0651857	0.0649689
0.022	0.0624903	0.0650474	0.0648352
0.023	0.0623418	0.0649025	0.0646944
0.024	0.0622049	0.0647692	0.0645648
0.025	0.062063	0.0646288	0.0644306
0.026	0.0619274	0.0644972	0.0643026
0.027	0.0617811	0.0643535	0.0641646
0.028	0.061639	0.0642156	0.0640316
0.029	0.0614958	0.0640726	0.0638937
0.03	0.0613557	0.0639348	0.0637608
0.031	0.0612153	0.0637974	0.0636283
0.032	0.0610691	0.0636543	0.06349
0.033	0.0609216	0.0635083	0.0633498
0.034	0.0607768	0.0633678	0.0632127
0.035	0.0606366	0.0632301	0.0630806
0.036	0.0604899	0.0630856	0.0629414
0.037	0.0603442	0.0629422	0.0628035
0.038	0.0602014	0.062802	0.0626687
0.039	0.060056	0.0626603	0.0625316
0.04	0.0599149	0.0625215	0.0623973
0.041	0.0597633	0.0623729	0.0622541
0.042	0.0596206	0.062232	0.0621168
0.043	0.0594812	0.0620946	0.0619857
0.044	0.0593194	0.0619364	0.0618323
0.045	0.0591717	0.0617911	0.0616932
0.046	0.0590288	0.0616515	0.0615593
0.047	0.058884	0.0615093	0.0614202
0.048	0.05873	0.0613597	0.0612762
0.049	0.0585885	0.0612207	0.0611398
0.05	0.0584356	0.0610708	0.060997
0.051	0.0582839	0.0609241	0.0608545
0.052	0.0581392	0.0607825	0.0607174
0.053	0.0579852	0.0606299	0.0605722
0.054	0.0578405	0.060489	0.0604348
0.055	0.0576867	0.0603395	0.06029
0.056	0.057537	0.060194	0.0601478
0.057	0.057386	0.0600459	0.0600054
0.058	0.0572363	0.0599006	0.0598645
0.059	0.0570836	0.0597523	0.0597203
0.06	0.0569343	0.0596062	0.0595781
0.061	0.0567826	0.0594603	0.0594371
0.062	0.0566266	0.0593086	0.0592892
0.063	0.0564757	0.059162	0.0591473
0.064	0.0563143	0.0590053	0.0589948
0.065	0.0561632	0.0588607	0.058854
0.066	0.0560159	0.0587178	0.0587149
0.067	0.0558575	0.0585642	0.0585657
0.068	0.0557068	0.0584196	0.0584257
0.069	0.0555485	0.0582677	0.0582778
0.07	0.0553923	0.0581153	0.0581291
0.071	0.0552425	0.0579712	0.057989
0.072	0.0550845	0.0578203	0.0578432
0.073	0.0549282	0.057669	0.0576951
0.074	0.054775	0.0575182	0.0575506
0.075	0.0546272	0.0573752	0.0574119
0.076	0.0544784	0.0572325	0.0572721
0.077	0.0543217	0.0570797	0.0571248
0.078	0.0541676	0.0569308	0.0569786
0.079	0.054014	0.0567804	0.0568339
0.08	0.0538567	0.0566281	0.0566878
0.081	0.0537097	0.0564874	0.0565488
0.082	0.0535554	0.0563359	0.0564029
0.083	0.0533997	0.056187	0.056257
0.084	0.0532469	0.0560384	0.0561129
0.085	0.0530898	0.0558868	0.0559664
0.086	0.0529433	0.0557473	0.0558286
0.087	0.0527888	0.0556001	0.0556832
0.088	0.0526325	0.0554529	0.0555362
0.089	0.0524838	0.0553094	0.0553965
0.09	0.0523284	0.0551647	0.0552515
0.091	0.0521784	0.055022	0.0551099
0.092	0.0520147	0.0548689	0.0549584
0.093	0.0518668	0.0547317	0.0548199
0.094	0.0517223	0.0545955	0.0546873
0.095	0.0515587	0.0544444	0.0545328
0.096	0.0514035	0.0542999	0.0543896
0.097	0.0512467	0.0541548	0.0542445
0.098	0.0510978	0.054017	0.0541093
0.099	0.0509419	0.0538739	0.0539627
0.1	0.0507868	0.0537339	0.0538211
0.101	0.0506275	0.0535877	0.0536778
0.102	0.0504761	0.0534489	0.0535371
0.103	0.0503185	0.0533062	0.0533912
0.104	0.0501688	0.0531705	0.0532554
0.105	0.0500138	0.0530281	0.0531133
0.106	0.0498502	0.0528806	0.0529647
0.107	0.0496962	0.0527434	0.0528237
0.108	0.0495421	0.0526048	0.0526841
0.109	0.0493937	0.0524738	0.0525521
0.11	0.0492321	0.052328	0.0524032
0.111	0.0490735	0.0521892	0.0522608
0.112	0.048928	0.0520577	0.0521292
0.113	0.0487649	0.0519108	0.05198
0.114	0.0486099	0.0517707	0.0518435
0.115	0.0484421	0.0516246	0.0516984
0.116	0.0482907	0.0514881	0.0515624
0.117	0.0481379	0.0513517	0.0514295
0.118	0.0479862	0.0512143	0.0512946
0.119	0.0478239	0.0510645	0.0511571
0.12	0.0476693	0.0509236	0.0510234
0.121	0.0475147	0.0507875	0.050889
0.122	0.0473634	0.0506524	0.0507614
0.123	0.047202	0.050507	0.0506233
0.124	0.0470505	0.0503716	0.0504957
0.125	0.0468977	0.0502343	0.0503676
0.126	0.0467409	0.0500937	0.0502356
0.127	0.0465906	0.0499604	0.0501107
0.128	0.0464262	0.0498148	0.0499735
0.129	0.0462812	0.0496834	0.0498565
0.13	0.0461252	0.0495427	0.0497308
0.131	0.0459747	0.0494067	0.0496089
0.132	0.0458257	0.0492712	0.0494911
0.133	0.045667	0.0491307	0.0493715
0.134	0.0455102	0.0489862	0.0492482
0.135	0.0453597	0.0488502	0.0491316
0.136	0.0452096	0.0487168	0.0490183
0.137	0.045056	0.0485826	0.048902
0.138	0.0449057	0.0484493	0.0487902
0.139	0.0447486	0.0483084	0.048675
0.14	0.044602	0.0481775	0.0485685
0.141	0.0444489	0.0480468	0.0484617
0.142	0.0442922	0.0479057	0.0483467
0.143	0.0441386	0.0477681	0.0482429
0.144	0.0439763	0.0476243	0.0481291
0.145	0.0438334	0.0474984	0.0480334
0.146	0.0436789	0.0473577	0.0479249
0.147	0.0435325	0.047227	0.0478269
0.148	0.0433763	0.0470851	0.0477229
0.149	0.0432213	0.0469489	0.0476181
0.15	0.0430726	0.0468147	0.0475179
0.151	0.0429125	0.0466699	0.0474056
0.152	0.0427684	0.0465394	0.0473087
0.153	0.0426158	0.0464032	0.0472065
0.154	0.0424665	0.0462662	0.0470995
0.155	0.0423151	0.0461268	0.046994
0.156	0.0421671	0.0459884	0.0468891
0.157	0.0420215	0.0458504	0.0467843
0.158	0.0418756	0.0457206	0.0466833
0.159	0.0417308	0.045585	0.0465801
0.16	0.0415856	0.0454515	0.0464714
0.161	0.0414364	0.0453186	0.0463664
0.162	0.0412848	0.0451811	0.0462569
0.163	0.0411431	0.0450504	0.0461558
0.164	0.0410016	0.044928	0.0460587
0.165	0.0408633	0.044801	0.0459581
0.166	0.0407058	0.0446558	0.0458423
0.167	0.0405682	0.0445294	0.0457456
0.168	0.0404206	0.0443943	0.0456403
0.169	0.0402751	0.0442601	0.0455395
0.17	0.0401344	0.0441314	0.0454406
0.171	0.0399836	0.0439911	0.045331
0.172	0.0398443	0.0438649	0.0452366
0.173	0.0396965	0.0437253	0.0451301
0.174	0.0395531	0.0435945	0.0450317
0.175	0.0394232	0.0434726	0.0449418
0.176	0.0392699	0.0433336	0.0448344
0.177	0.0391234	0.0431957	0.0447287
0.178	0.0389812	0.0430647	0.0446331
0.179	0.0388406	0.0429347	0.0445341
0.18	0.0386988	0.0428046	0.044438
0.181	0.0385532	0.0426686	0.0443302
0.182	0.0384136	0.0425391	0.0442349
0.183	0.0382808	0.042413	0.0441406
0.184	0.0381373	0.0422724	0.0440338
0.185	0.0380046	0.0421484	0.0439403
0.186	0.0378704	0.0420173	0.0438412
0.187	0.0377309	0.0418813	0.0437403
0.188	0.037596	0.0417451	0.0436365
0.189	0.0374663	0.0416199	0.0435374
0.19	0.0373361	0.0414929	0.0434391
0.191	0.0372012	0.0413632	0.0433345
0.192	0.0370869	0.0412469	0.0432432
0.193	0.0369468	0.0411061	0.0431289
0.194	0.0368223	0.0409805	0.0430294
0.195	0.0367047	0.0408604	0.0429345
0.196	0.0365821	0.0407281	0.0428329
0.197	0.0364555	0.0406022	0.0427279
0.198	0.0363316	0.0404714	0.0426299
0.199	0.0362085	0.0403478	0.0425297
0.2	0.0360871	0.0402223	0.0424317
0.201	0.0359611	0.0400939	0.0423332
0.202	0.0358459	0.039973	0.0422366
0.203	0.0357239	0.0398471	0.0421401
0.204	0.0355945	0.0397161	0.0420382
0.205	0.0354802	0.0395983	0.0419417
0.206	0.035348	0.039456	0.0418351
0.207	0.0352352	0.039341	0.0417456
0.208	0.0351099	0.039208	0.0416433
0.209	0.0349982	0.0390916	0.0415519
0.21	0.0348701	0.0389592	0.0414507
0.211	0.0347623	0.0388438	0.0413627
0.212	0.0346386	0.0387132	0.0412619
0.213	0.0345202	0.038584	0.0411638
0.214	0.0344041	0.0384625	0.0410721
0.215	0.0342881	0.0383351	0.0409765
0.216	0.034162	0.0381998	0.0408733
0.217	0.0340666	0.0380898	0.0407901
0.218	0.0339566	0.037966	0.0407019
0.219	0.0338436	0.0378276	0.0406007
0.22	0.0337391	0.0377126	0.0405146
0.221	0.0336242	0.0375793	0.0404159
0.222	0.0335117	0.0374481	0.0403157
0.223	0.0334161	0.037337	0.0402386
0.224	0.0332992	0.0371935	0.0401318
0.225	0.0332011	0.0370843	0.0400531
0.226	0.0330891	0.0369483	0.0399547
0.227	0.0329854	0.0368242	0.0398634
0.228	0.0328812	0.0367015	0.0397726
0.229	0.0327824	0.0365836	0.0396881
0.23	0.0326797	0.0364622	0.0395968
0.231	0.032578	0.0363354	0.0395023
0.232	0.0324886	0.036228	0.0394209
0.233	0.0323777	0.0360968	0.0393213
0.234	0.0322906	0.0359829	0.0392388
0.235	0.0322019	0.0358681	0.0391568
0.236	0.03211	0.0357511	0.0390662
0.237	0.0320053	0.0356217	0.0389702
0.238	0.0319287	0.0355184	0.0388935
0.239	0.0318305	0.0353928	0.0387987
0.24	0.0317447	0.0352805	0.0387174
0.241	0.0316542	0.0351615	0.0386336
0.242	0.0315608	0.0350444	0.0385429
0.243	0.0314768	0.034935	0.0384608
0.244	0.0313948	0.0348312	0.0383855
0.245	0.0312972	0.0347084	0.0382979
0.246	0.0312133	0.0345998	0.0382106
0.247	0.0311305	0.0344937	0.0381352
0.248	0.0310329	0.0343797	0.0380438
0.249	0.0309533	0.0342821	0.0379642
0.25	0.0308599	0.0341676	0.0378747
0.251	0.0307727	0.0340671	0.0377957
0.252	0.0306875	0.0339618	0.0377087
0.253	0.0306038	0.0338649	0.0376309
0.254	0.0305208	0.0337654	0.0375491
0.255	0.0304277	0.0336577	0.0374564
0.256	0.0303428	0.0335629	0.0373768
0.257	0.0302596	0.0334692	0.0372959
0.258	0.0301688	0.03337	0.0372057
0.259	0.0300819	0.0332779	0.0371241
0.26	0.0299968	0.0331835	0.0370394
0.261	0.0299115	0.0330916	0.0369546
0.262	0.0298205	0.0330026	0.0368697
0.263	0.0297278	0.0329069	0.0367819
0.264	0.0296461	0.0328243	0.0367012
0.265	0.0295573	0.0327348	0.0366116
0.266	0.0294635	0.0326396	0.0365176
0.267	0.0293793	0.0325575	0.0364357
0.268	0.0292953	0.0324783	0.0363538
0.269	0.0292031	0.0323903	0.0362623
0.27	0.0291215	0.0323187	0.036182
0.271	0.029034	0.0322366	0.0360971
0.272	0.0289384	0.0321488	0.0359984
0.273	0.0288636	0.0320762	0.0359223
0.274	0.0287717	0.031996	0.0358324
0.275	0.0286878	0.0319179	0.0357405
0.276	0.0286043	0.0318441	0.0356576
0.277	0.0285166	0.0317665	0.0355666
0.278	0.0284231	0.0316793	0.035469
0.279	0.0283418	0.0316071	0.0353817
0.28	0.0282661	0.0315446	0.0353028
0.281	0.0281838	0.0314696	0.0352163
0.282	0.0281042	0.0313987	0.0351249
0.283	0.0280239	0.0313308	0.0350402
0.284	0.0279509	0.0312668	0.0349571
0.285	0.0278856	0.031212	0.0348809
0.286	0.0277974	0.0311297	0.03478
0.287	0.0277272	0.0310703	0.0346979
0.288	0.027659	0.0310114	0.0346173
0.289	0.0275807	0.0309391	0.034521
0.29	0.0275143	0.0308807	0.0344387
0.291	0.0274554	0.0308294	0.0343637
0.292	0.0273898	0.0307744	0.0342827
0.293	0.0273299	0.0307231	0.0342054
0.294	0.0272605	0.0306565	0.0341137
0.295	0.0271987	0.030604	0.0340364
0.296	0.0271369	0.0305485	0.0339561
0.297	0.02708	0.03049	0.0338738
0.298	0.0270226	0.030442	0.0338029
0.299	0.0269646	0.0303856	0.0337175
0.3	0.0269023	0.0303287	0.0336387
0.301	0.0268533	0.0302848	0.0335676
0.302	0.0267964	0.0302327	0.0334968
0.303	0.0267399	0.0301787	0.0334164
0.304	0.0266846	0.0301232	0.033342
0.305	0.0266326	0.0300738	0.0332682
0.306	0.0265797	0.030023	0.033194
0.307	0.0265332	0.0299762	0.0331276
0.308	0.0264848	0.029931	0.0330566
0.309	0.0264245	0.0298676	0.0329757
0.31	0.0263725	0.0298146	0.0329019
0.311	0.026326	0.0297723	0.0328405
0.312	0.026275	0.029717	0.0327636
0.313	0.026222	0.0296617	0.0326888
0.314	0.0261734	0.0296084	0.0326178
0.315	0.0261257	0.0295613	0.0325489
0.316	0.0260777	0.0295066	0.0324765
0.317	0.026037	0.0294589	0.0324093
0.318	0.0259897	0.0294068	0.0323385
0.319	0.025947	0.0293569	0.0322663
0.32	0.0259001	0.0293005	0.0321932
0.321	0.025861	0.0292537	0.0321258
0.322	0.0258111	0.0291933	0.0320457
0.323	0.0257719	0.0291514	0.0319839
0.324	0.0257282	0.0290914	0.031907
0.325	0.025687	0.029041	0.0318373
0.326	0.0256464	0.0289942	0.0317685
0.327	0.0255966	0.0289325	0.0316868
0.328	0.0255566	0.0288832	0.0316185
0.329	0.0255127	0.0288269	0.0315419
0.33	0.0254752	0.0287814	0.0314742
0.331	0.0254336	0.0287237	0.0313974
0.332	0.0253929	0.0286757	0.0313275
0.333	0.0253597	0.0286283	0.0312598
0.334	0.0253207	0.0285773	0.0311874
0.335	0.0252754	0.0285215	0.0311091
0.336	0.0252379	0.0284709	0.0310381
0.337	0.0251947	0.0284153	0.0309591
0.338	0.0251607	0.0283745	0.0308959
0.339	0.0251254	0.0283221	0.0308213
0.34	0.0250838	0.0282698	0.0307435
0.341	0.0250421	0.02822	0.0306645
0.342	0.0250002	0.0281634	0.0305849
0.343	0.0249668	0.028127	0.0305175
0.344	0.0249237	0.0280721	0.0304375
0.345	0.0248924	0.0280328	0.0303659
0.346	0.0248457	0.0279778	0.0302861
0.347	0.0248112	0.0279403	0.0302108
0.348	0.0247768	0.027902	0.0301362
0.349	0.0247334	0.0278578	0.0300617
0.35	0.0246954	0.0278115	0.0299874
0.351	0.0246546	0.0277688	0.029909
0.352	0.0246135	0.0277248	0.0298245
0.353	0.024574	0.0276843	0.0297466
0.354	0.0245359	0.0276472	0.0296733
0.355	0.0245037	0.0276145	0.0296023
0.356	0.0244587	0.0275718	0.0295196
0.357	0.0244185	0.027532	0.029445
0.358	0.0243792	0.0274966	0.0293722
0.359	0.0243388	0.0274562	0.0292898
0.36	0.0242988	0.02742	0.0292179
0.361	0.0242601	0.0273853	0.0291404
0.362	0.0242172	0.0273445	0.0290566
0.363	0.0241793	0.0273123	0.0289878
0.364	0.0241345	0.0272731	0.0289071
0.365	0.0240931	0.0272365	0.028832
0.366	0.024055	0.0272036	0.0287623
0.367	0.0240122	0.0271675	0.028683
0.368	0.023973	0.0271361	0.0286136
0.369	0.0239301	0.0270992	0.0285382
0.37	0.0238916	0.0270686	0.0284683
0.371	0.0238579	0.027043	0.0284044
0.372	0.0238071	0.0270017	0.02832
0.373	0.0237677	0.0269726	0.0282573
0.374	0.0237256	0.0269374	0.0281854
0.375	0.0236847	0.0269073	0.0281148
0.376	0.0236372	0.0268701	0.0280452
0.377	0.0235975	0.0268421	0.0279794
0.378	0.0235509	0.0268085	0.0279102
0.379	0.0235196	0.0267845	0.0278516
0.38	0.0234705	0.0267473	0.0277809
0.381	0.0234277	0.0267177	0.0277193
0.382	0.0233844	0.0266825	0.0276538
0.383	0.0233405	0.0266543	0.0275934
0.384	0.023298	0.0266228	0.0275297
0.385	0.0232603	0.0265966	0.0274671
0.386	0.0232132	0.0265639	0.0274107
0.387	0.0231698	0.0265315	0.0273455
0.388	0.0231174	0.026493	0.0272742
0.389	0.0230768	0.0264649	0.027215
0.39	0.023032	0.0264337	0.0271566
0.391	0.0229949	0.0264091	0.0270945
0.392	0.0229464	0.0263732	0.0270317
0.393	0.0228997	0.0263411	0.0269647
0.394	0.0228587	0.0263118	0.0269086
0.395	0.0228116	0.0262815	0.0268465
0.396	0.0227604	0.0262436	0.0267741
0.397	0.0227227	0.0262201	0.026724
0.398	0.022676	0.0261844	0.0266526
0.399	0.0226398	0.026163	0.0266015
0.4	0.0225816	0.0261219	0.0265273
0.401	0.0225377	0.0260889	0.0264669
0.402	0.0224986	0.0260625	0.0264082
0.403	0.0224497	0.0260296	0.0263464
0.404	0.0224114	0.0260075	0.0262908
0.405	0.0223523	0.0259606	0.0262163
0.406	0.0223121	0.0259308	0.0261547
0.407	0.0222676	0.0259006	0.0260954
0.408	0.0222192	0.0258637	0.026027
0.409	0.0221799	0.0258393	0.0259683
0.41	0.0221313	0.0258022	0.0259031
0.411	0.0220902	0.0257705	0.0258397
0.412	0.0220535	0.0257395	0.025779
0.413	0.0220136	0.0257094	0.0257169
0.414	0.0219669	0.0256698	0.0256522
0.415	0.0219291	0.0256394	0.0255904
0.416	0.0218814	0.0256001	0.0255202
0.417	0.0218492	0.0255733	0.0254631
0.418	0.0218055	0.0255379	0.0253967
0.419	0.0217776	0.0255118	0.025343
0.42	0.0217299	0.0254745	0.0252739
0.421	0.0216853	0.0254349	0.0252095
0.422	0.0216453	0.0254028	0.0251476
0.423	0.0216074	0.0253675	0.0250858
0.424	0.0215726	0.0253402	0.0250253
0.425	0.0215344	0.0253096	0.0249626
0.426	0.0214904	0.0252736	0.0249004
0.427	0.0214484	0.0252371	0.0248379
0.428	0.0213994	0.025194	0.0247675
0.429	0.0213649	0.0251677	0.0247088
0.43	0.02132	0.0251286	0.0246408
0.431	0.0212758	0.0250932	0.0245752
0.432	0.0212423	0.0250668	0.0245191
0.433	0.0212056	0.0250328	0.0244543
0.434	0.0211573	0.0249906	0.0243903
0.435	0.0211053	0.0249486	0.0243197
0.436	0.0210747	0.0249216	0.0242614
0.437	0.0210264	0.0248833	0.024198
0.438	0.0209881	0.0248517	0.0241365
0.439	0.0209484	0.024818	0.0240741
0.44	0.0209026	0.0247764	0.0240037
0.441	0.0208498	0.0247355	0.0239336
0.442	0.0208027	0.0246947	0.0238617
0.443	0.0207651	0.0246647	0.023805
0.444	0.020733	0.0246372	0.0237497
0.445	0.0206878	0.0245969	0.0236761
0.446	0.0206334	0.0245522	0.0236072
0.447	0.0205945	0.0245195	0.0235447
0.448	0.0205404	0.0244747	0.0234749
0.449	0.0205065	0.0244455	0.0234148
0.45	0.0204597	0.0244099	0.0233464
0.451	0.0204201	0.0243731	0.0232801
0.452	0.0203665	0.024328	0.023212
0.453	0.0203298	0.0242998	0.0231507
0.454	0.0202795	0.0242578	0.0230814
0.455	0.0202378	0.0242237	0.0230174
0.456	0.0201861	0.0241786	0.0229433
0.457	0.0201474	0.0241455	0.0228789
0.458	0.0201061	0.0241148	0.0228185
0.459	0.0200537	0.0240672	0.0227448
0.46	0.0200043	0.024027	0.0226745
0.461	0.0199653	0.0239948	0.0226147
0.462	0.0199111	0.0239527	0.022541
0.463	0.0198634	0.0239134	0.0224724
0.464	0.0198212	0.0238788	0.0224128
0.465	0.0197781	0.0238422	0.0223476
0.466	0.0197227	0.0237953	0.0222684
0.467	0.0196711	0.0237545	0.0221996
0.468	0.0196381	0.023732	0.0221462
0.469	0.0195719	0.0236746	0.02206
0.47	0.0195343	0.023643	0.0220035
0.471	0.0194809	0.0236028	0.0219294
0.472	0.0194376	0.0235648	0.0218666
0.473	0.0193951	0.0235304	0.0218021
0.474	0.0193563	0.0235002	0.0217432
0.475	0.0193039	0.0234561	0.0216722
0.476	0.0192686	0.0234289	0.0216141
0.477	0.019214	0.0233815	0.0215363
0.478	0.0191804	0.0233539	0.0214818
0.479	0.0191309	0.0233107	0.0214097
0.48	0.0190976	0.0232826	0.0213535
0.481	0.0190436	0.0232346	0.0212735
0.482	0.0190063	0.0232031	0.0212125
0.483	0.018971	0.0231721	0.021152
0.484	0.0189363	0.0231414	0.0210921
0.485	0.0188877	0.0230967	0.0210185
0.486	0.0188526	0.0230667	0.0209612
0.487	0.0188099	0.023032	0.0208905
0.488	0.0187754	0.0230012	0.0208324
0.489	0.0187403	0.0229714	0.0207747
0.49	0.0186982	0.0229356	0.0207091
0.491	0.0186641	0.0229062	0.0206487
0.492	0.0186246	0.022873	0.0205818
0.493	0.0185968	0.0228505	0.0205306
0.494	0.0185463	0.022811	0.0204605
0.495	0.0185219	0.0227903	0.0204065
0.496	0.0184898	0.0227645	0.0203517
0.497	0.0184538	0.0227367	0.020294
0.498	0.018419	0.0227088	0.0202387
0.499	0.0183741	0.0226734	0.020171
0.5	0.0183439	0.0226492	0.0201232
0.501	0.018305	0.0226177	0.0200606
0.502	0.0182791	0.0225991	0.0200122
0.503	0.0182397	0.0225693	0.0199526
0.504	0.0182062	0.0225431	0.0199014
0.505	0.0181708	0.0225165	0.0198483
0.506	0.0181415	0.022493	0.0197993
0.507	0.0180976	0.0224613	0.0197404
0.508	0.018055	0.0224268	0.0196829
0.509	0.0180242	0.0224048	0.0196305
0.51	0.0179908	0.0223798	0.0195813
0.511	0.0179448	0.0223429	0.0195215
0.512	0.0179257	0.0223298	0.0194816
0.513	0.0178889	0.0223033	0.0194373
0.514	0.0178544	0.0222764	0.0193814
0.515	0.0178129	0.0222442	0.0193292
0.516	0.0177816	0.0222221	0.0192828
0.517	0.0177558	0.0222045	0.0192453
0.518	0.0177076	0.0221679	0.0191892
0.519	0.0176688	0.0221365	0.0191304
0.52	0.0176346	0.022112	0.0190901
0.521	0.0175976	0.0220839	0.0190413
0.522	0.0175654	0.0220615	0.0189966
0.523	0.0175302	0.0220358	0.0189503
0.524	0.0174929	0.0220064	0.0189053
0.525	0.017463	0.0219851	0.0188572
0.526	0.0174271	0.021958	0.0188142
0.527	0.0173834	0.0219243	0.0187646
0.528	0.0173536	0.0219035	0.018722
0.529	0.0173114	0.0218709	0.0186744
0.53	0.0172783	0.0218441	0.0186263
0.531	0.0172472	0.0218224	0.0185872
0.532	0.0171952	0.0217791	0.0185276
0.533	0.0171688	0.0217601	0.0184875
0.534	0.0171315	0.0217328	0.0184461
0.535	0.0170943	0.0217037	0.0183962
0.536	0.0170507	0.0216674	0.0183396
0.537	0.0170271	0.0216506	0.018302
0.538	0.0169879	0.021619	0.0182581
0.539	0.0169513	0.0215895	0.0182067
0.54	0.0169174	0.0215648	0.0181632
0.541	0.0168862	0.0215377	0.0181121
0.542	0.0168438	0.0215029	0.0180623
0.543	0.0168123	0.0214773	0.0180193
0.544	0.0167725	0.0214467	0.0179744
0.545	0.016739	0.0214145	0.0179193
0.546	0.0166999	0.0213833	0.0178745
0.547	0.0166674	0.0213545	0.0178234
0.548	0.0166395	0.0213319	0.017779
0.549	0.0166053	0.021303	0.0177358
0.55	0.0165704	0.0212703	0.0176849
0.551	0.0165437	0.0212466	0.0176423
0.552	0.0165101	0.0212157	0.0175891
0.553	0.0164717	0.0211817	0.0175365
0.554	0.0164552	0.0211666	0.0174994
0.555	0.0164066	0.0211232	0.0174379
0.556	0.0163845	0.021101	0.0173953
0.557	0.0163613	0.0210799	0.017355
0.558	0.0163237	0.0210465	0.0173018
0.559	0.0162982	0.0210198	0.0172548
0.56	0.01627	0.0209922	0.0172109
0.561	0.0162399	0.0209651	0.0171588
0.562	0.016217	0.0209453	0.017121
0.563	0.016188	0.0209155	0.0170705
0.564	0.0161517	0.0208807	0.0170143
0.565	0.0161179	0.0208465	0.0169651
0.566	0.0160931	0.0208215	0.0169148
0.567	0.016076	0.020807	0.0168828
0.568	0.0160522	0.020781	0.0168357
0.569	0.0160152	0.0207433	0.0167767
0.57	0.0160015	0.0207281	0.016741
0.571	0.0159732	0.0206999	0.0166922
0.572	0.0159444	0.0206715	0.0166407
0.573	0.0159171	0.0206421	0.0165893
0.574	0.0158945	0.0206212	0.0165489
0.575	0.0158681	0.0205947	0.0165005
0.576	0.0158463	0.0205706	0.0164534
0.577	0.0158126	0.0205363	0.0164022
0.578	0.0157947	0.0205201	0.0163618
0.579	0.0157696	0.0204936	0.016316
0.58	0.0157486	0.0204742	0.0162734
0.581	0.0157316	0.0204537	0.0162307
0.582	0.015686	0.0204092	0.0161639
0.583	0.0156749	0.0203985	0.0161311
0.584	0.0156502	0.0203744	0.0160853
0.585	0.0156201	0.0203429	0.0160317
0.586	0.0156127	0.02033	0.0159994
0.587	0.0155775	0.0202971	0.0159469
0.588	0.0155464	0.0202658	0.0158878
0.589	0.0155265	0.0202459	0.015849
0.59	0.0155134	0.0202287	0.0158023
0.591	0.0154828	0.0202007	0.0157543
0.592	0.0154679	0.020188	0.0157131
0.593	0.0154345	0.0201505	0.0156574
0.594	0.015419	0.020135	0.0156206
0.595	0.0153955	0.0201159	0.015578
0.596	0.0153701	0.0200837	0.015522
0.597	0.0153454	0.0200556	0.0154726
0.598	0.0153207	0.0200323	0.0154256
0.599	0.0152956	0.0200077	0.0153735
0.6	0.0152663	0.0199756	0.0153217
0.601	0.0152387	0.0199479	0.0152711
0.602	0.0152151	0.019925	0.0152268
0.603	0.0151909	0.0199024	0.0151848
0.604	0.0151684	0.0198769	0.0151353
0.605	0.0151518	0.0198581	0.0150836
0.606	0.0151235	0.0198335	0.015044
0.607	0.0150966	0.019806	0.0149935
0.608	0.0150639	0.0197722	0.0149406
0.609	0.0150352	0.0197477	0.014894
0.61	0.0150095	0.0197213	0.014846
0.611	0.0149899	0.0197061	0.0148066
0.612	0.0149729	0.0196831	0.0147604
0.613	0.014937	0.0196493	0.0147079
0.614	0.0149213	0.0196336	0.0146725
0.615	0.0148924	0.0196072	0.0146226
0.616	0.0148595	0.0195762	0.01457
0.617	0.0148402	0.0195527	0.0145209
0.618	0.0148116	0.0195264	0.0144798
0.619	0.0147815	0.0195016	0.0144353
0.62	0.0147614	0.0194822	0.0143946
0.621	0.0147335	0.0194571	0.014344
0.622	0.0147072	0.0194345	0.0143009
0.623	0.0146702	0.0194007	0.0142454
0.624	0.0146479	0.0193801	0.0142018
0.625	0.0146261	0.0193625	0.0141647
0.626	0.0146071	0.01935	0.0141253
0.627	0.0145542	0.0193013	0.0140619
0.628	0.0145334	0.0192871	0.0140235
0.629	0.014514	0.0192677	0.0139819
0.63	0.0144838	0.0192458	0.0139378
0.631	0.0144492	0.0192166	0.0138873
0.632	0.0144332	0.0192057	0.0138483
0.633	0.0144123	0.01919	0.0138062
0.634	0.0143696	0.0191548	0.0137497
0.635	0.0143421	0.0191364	0.0137094
0.636	0.0143121	0.0191126	0.0136623
0.637	0.0142791	0.0190882	0.0136111
0.638	0.014257	0.019072	0.0135695
0.639	0.0142357	0.0190599	0.0135306
0.64	0.0142098	0.0190416	0.0134804
0.641	0.014181	0.0190222	0.0134393
0.642	0.0141465	0.0189949	0.0133903
0.643	0.0141313	0.0189882	0.0133541
0.644	0.014104	0.0189704	0.0133031
0.645	0.0140775	0.0189524	0.0132579
0.646	0.0140339	0.0189182	0.0132014
0.647	0.0140167	0.0189082	0.0131539
0.648	0.013981	0.0188827	0.013105
0.649	0.0139653	0.0188751	0.0130683
0.65	0.0139288	0.018848	0.0130067
0.651	0.0139083	0.0188359	0.0129709
0.652	0.0138748	0.0188099	0.0129147
0.653	0.013845	0.0187893	0.0128605
0.654	0.0138243	0.0187775	0.0128126
0.655	0.0137893	0.0187531	0.0127587
0.656	0.0137792	0.0187479	0.0127269
0.657	0.0137413	0.0187184	0.0126614
0.658	0.0137225	0.0187103	0.0126163
0.659	0.0136976	0.0186904	0.0125641
0.66	0.0136658	0.0186656	0.0125113
0.661	0.0136266	0.0186331	0.0124521
0.662	0.0136102	0.0186261	0.0124067
0.663	0.0135895	0.0186102	0.0123594
0.664	0.013562	0.018588	0.0123058
0.665	0.0135533	0.0185873	0.0122649
0.666	0.0135079	0.0185492	0.0121948
0.667	0.013491	0.0185378	0.0121487
0.668	0.0134571	0.0185131	0.0120915
0.669	0.013433	0.0184944	0.0120334
0.67	0.0134116	0.0184774	0.0119844
0.671	0.0133983	0.0184669	0.0119338
0.672	0.0133754	0.0184549	0.0118896
0.673	0.0133343	0.0184192	0.0118158
0.674	0.0133087	0.0183987	0.0117538
0.675	0.0133052	0.0184002	0.0117213
0.676	0.0132632	0.0183662	0.0116435
0.677	0.013246	0.0183498	0.0115917
0.678	0.013216	0.0183327	0.0115326
0.679	0.0131988	0.0183165	0.0114785
0.68	0.0131679	0.0182926	0.0114222
0.681	0.0131537	0.0182826	0.0113721
0.682	0.0131226	0.0182585	0.011302
0.683	0.0131065	0.0182499	0.0112464
0.684	0.0130767	0.0182271	0.0111844
0.685	0.0130423	0.0181996	0.0111174
0.686	0.0130329	0.0181984	0.0110676
0.687	0.0130002	0.0181741	0.0109994
0.688	0.0129703	0.0181509	0.0109411
0.689	0.0129528	0.0181444	0.0108804
0.69	0.0129333	0.0181309	0.0108277
0.691	0.0129037	0.0181156	0.010772
0.692	0.0128823	0.0181017	0.0107146
0.693	0.0128621	0.0180922	0.0106673
0.694	0.0128348	0.0180736	0.0106033
0.695	0.0128279	0.0180736	0.0105657
0.696	0.0127869	0.01805	0.0105034
0.697	0.012767	0.0180405	0.0104548
0.698	0.01273	0.0180152	0.0103849
0.699	0.0127032	0.0180016	0.0103351
0.7	0.0126922	0.018001	0.0102948
0.701	0.0126655	0.0179902	0.0102418
0.702	0.0126473	0.0179833	0.0101982
0.703	0.0126152	0.0179664	0.0101423
0.704	0.0125932	0.0179632	0.0100937
0.705	0.0125583	0.0179409	0.0100341
0.706	0.0125427	0.0179386	0.00999065
0.707	0.0125225	0.0179366	0.00994779
0.708	0.0124897	0.0179209	0.00988932
0.709	0.0124542	0.0179013	0.00982824
0.71	0.0124392	0.017901	0.00978378
0.711	0.012403	0.0178837	0.00972655
0.712	0.0123951	0.0178963	0.00968763
0.713	0.0123558	0.0178739	0.00962667
0.714	0.0123211	0.0178551	0.00956819
0.715	0.0123136	0.0178635	0.00952866
0.716	0.0122803	0.0178511	0.00946344
0.717	0.012244	0.017834	0.00939975
0.718	0.0122194	0.0178289	0.00935357
0.719	0.0121971	0.0178241	0.00930116
0.72	0.0121566	0.0178093	0.00923574
0.721	0.012133	0.017801	0.0091857
0.722	0.0121155	0.0178061	0.00913569
0.723	0.0120773	0.0177862	0.00907088
0.724	0.0120634	0.017791	0.0090208
0.725	0.0120133	0.0177632	0.00894118
0.726	0.0119874	0.0177589	0.00889253
0.727	0.0119741	0.017764	0.00884354
0.728	0.0119351	0.017748	0.00877769
0.729	0.0118992	0.0177346	0.00871339
0.73	0.0118782	0.0177323	0.00865989
0.731	0.0118416	0.0177198	0.00859302
0.732	0.0118348	0.017731	0.00855137
0.733	0.0117764	0.0176974	0.00846513
0.734	0.0117511	0.0176958	0.00840907
0.735	0.0117166	0.0176821	0.0083442
0.736	0.0116946	0.0176804	0.00828733
0.737	0.0116626	0.0176743	0.00823023
0.738	0.0116302	0.017667	0.00816201
0.739	0.0115999	0.0176562	0.00809453
0.74	0.0115695	0.0176487	0.0080327
0.741	0.0115269	0.0176301	0.00796163
0.742	0.0115018	0.017631	0.00790398
0.743	0.0114683	0.0176178	0.00783223
0.744	0.0114334	0.0176087	0.007771
0.745	0.0113977	0.0175961	0.00769822
0.746	0.0113669	0.017592	0.00763614
0.747	0.0113428	0.0175898	0.0075783
0.748	0.0112859	0.0175604	0.00749318
0.749	0.0112654	0.0175616	0.00742555
0.75	0.0112267	0.0175484	0.00735525
0.751	0.0111848	0.0175333	0.00728365
0.752	0.0111524	0.0175276	0.00721983
0.753	0.0111273	0.0175264	0.00715597
0.754	0.0110792	0.0175041	0.00707053
0.755	0.0110461	0.0174968	0.00700727
0.756	0.010998	0.0174769	0.00692607
0.757	0.010983	0.017485	0.00686976
0.758	0.0109437	0.0174761	0.0068041
0.759	0.0108878	0.0174461	0.00671333
0.76	0.0108558	0.0174404	0.00664765
0.761	0.0108311	0.0174411	0.00658314
0.762	0.0107744	0.0174143	0.00649616
0.763	0.0107492	0.017418	0.00643764
0.764	0.0107129	0.0174063	0.00636719
0.765	0.0106883	0.017409	0.00631433
0.766	0.0106174	0.0173699	0.00621516
0.767	0.0105895	0.0173674	0.00615279
0.768	0.010573	0.0173821	0.00611174
0.769	0.0105109	0.0173432	0.00601333
0.77	0.0104839	0.0173462	0.00595608
0.771	0.0104368	0.0173258	0.00588078
0.772	0.0103841	0.0173006	0.00580536
0.773	0.0103498	0.0172972	0.00574518
0.774	0.0103048	0.0172829	0.00567429
0.775	0.0102745	0.0172792	0.00561746
0.776	0.0102255	0.0172605	0.00554994
0.777	0.0102028	0.0172629	0.00550956
0.778	0.0101701	0.0172603	0.00545622
0.779	0.0101116	0.0172304	0.00537619
0.78	0.0100598	0.017208	0.00531326
0.781	0.0100171	0.0171924	0.0052635
0.782	0.00999166	0.0171954	0.0052196
0.783	0.00992636	0.0171615	0.00515559
0.784	0.00990002	0.0171584	0.00511108
0.785	0.00986403	0.0171543	0.00506993
0.786	0.00981755	0.0171311	0.00502222
0.787	0.00976988	0.0171132	0.00498686
0.788	0.00974178	0.0171118	0.00495423
0.789	0.0096997	0.0170947	0.00491354
0.79	0.0096641	0.0170869	0.00488377
0.791	0.0096108	0.0170587	0.00484681
0.792	0.00958595	0.0170597	0.00482513
0.793	0.00952765	0.0170253	0.00478178
0.794	0.00950806	0.0170304	0.00477145
0.795	0.00947888	0.0170256	0.00475142
0.796	0.00941946	0.0169916	0.00472285
0.797	0.00937788	0.0169717	0.00470202
0.798	0.00934449	0.0169647	0.00470247
0.799	0.00931048	0.0169522	0.00468689
0.8	0.00928045	0.016945	0.00467436
0.801	0.00923652	0.0169208	0.00466309
0.802	0.00919341	0.0168968	0.00464406
0.803	0.00916556	0.0168961	0.00463782
0.804	0.00909983	0.0168545	0.0046066
0.805	0.00908597	0.016857	0.00462246
0.806	0.00903472	0.0168279	0.00461265
0.807	0.00901523	0.0168261	0.00461441
0.808	0.0089748	0.0167979	0.00459505
0.809	0.00893845	0.0167902	0.00459535
0.81	0.00890016	0.0167653	0.00458074
0.811	0.00887022	0.0167536	0.00458332
0.812	0.00884074	0.0167321	0.00458088
0.813	0.00879214	0.0167102	0.00456452
0.814	0.00876522	0.0167041	0.00456842
0.815	0.00870706	0.0166563	0.00454746
0.816	0.00870567	0.0166675	0.00457052
0.817	0.00866682	0.0166405	0.00456342
0.818	0.00862008	0.0166076	0.00454738
0.819	0.00860966	0.0166171	0.00455764
0.82	0.0085582	0.0165738	0.00454053
0.821	0.00854952	0.0165779	0.00456754
0.822	0.00853145	0.0165695	0.00456175
0.823	0.00847389	0.0165276	0.00454287
0.824	0.00846998	0.0165243	0.00454486
0.825	0.00841279	0.0164744	0.00453927
0.826	0.00840604	0.0164808	0.00453532
0.827	0.00837769	0.0164656	0.00454578
0.828	0.00836323	0.0164402	0.00454605
0.829	0.00832784	0.0164161	0.00453823
0.83	0.00828802	0.0163827	0.00452541
0.831	0.00829336	0.0163723	0.00454946
0.832	0.0082387	0.0163422	0.00451739
0.833	0.00823593	0.0163403	0.00452607
0.834	0.00820918	0.0163095	0.0045301
0.835	0.00819486	0.0162893	0.00451632
0.836	0.00816462	0.0162732	0.00451346
0.837	0.008131	0.0162236	0.00449496
0.838	0.00812923	0.0162297	0.00450544
0.839	0.00808275	0.0161646	0.00448375
0.84	0.00810174	0.0161763	0.00451347
0.841	0.00804956	0.0161285	0.00448765
0.842	0.00803966	0.016104	0.00449306
0.843	0.00800664	0.0160708	0.00447554
0.844	0.00802117	0.0160785	0.00449932
0.845	0.00798405	0.0160375	0.00448621
0.846	0.00799343	0.0160586	0.00450332
0.847	0.00795061	0.0159934	0.00446942
0.848	0.00795862	0.0159772	0.00449224
0.849	0.00791436	0.0159341	0.00446831
0.85	0.00792061	0.0159124	0.0044758
0.851	0.00791297	0.0159041	0.00447794
0.852	0.00788988	0.0158647	0.00447156
0.853	0.0078621	0.01583	0.0044562
0.854	0.00782283	0.0157862	0.0044309
0.855	0.00782385	0.0157737	0.00444166
0.856	0.00782023	0.0157419	0.00445221
0.857	0.00781243	0.015724	0.00445607
0.858	0.00776182	0.0156621	0.00443322
0.859	0.0078021	0.0156816	0.00445637
0.86	0.0077397	0.0156149	0.00441935
0.861	0.00776825	0.0156285	0.00445559
0.862	0.00771457	0.0155723	0.00441889
0.863	0.00769843	0.0155155	0.00441243
0.864	0.00768835	0.0155072	0.00441323
0.865	0.00767306	0.015459	0.00440817
0.866	0.00763455	0.0154287	0.00439029
0.867	0.00764935	0.0154186	0.00440473
0.868	0.00760596	0.0153442	0.00438522
0.869	0.00760453	0.0153352	0.00439735
0.87	0.00757241	0.0152979	0.00438743
0.871	0.00753847	0.015234	0.00437186
0.872	0.00754871	0.0152122	0.00437028
0.873	0.00753153	0.0151883	0.00437845
0.874	0.007493	0.0151532	0.00435571
0.875	0.00748694	0.0151172	0.00437492
0.876	0.00747752	0.015086	0.00437146
0.877	0.00743207	0.0149998	0.00433887
0.878	0.00743316	0.0150003	0.0043623
0.879	0.00738535	0.01493	0.00433217
0.88	0.00735617	0.0148821	0.00431965
0.881	0.00734872	0.014831	0.00432263
0.882	0.0073229	0.014805	0.00430393
0.883	0.0072919	0.0147582	0.00431025
0.884	0.00725987	0.0147221	0.00430264
0.885	0.007272	0.0146927	0.00432287
0.886	0.00722689	0.0146258	0.00429434
0.887	0.00723316	0.0145983	0.00429457
0.888	0.00719559	0.0145477	0.00430512
0.889	0.00716833	0.0144864	0.00427759
0.89	0.00712178	0.0144405	0.00427107
0.891	0.00709725	0.0143913	0.0042614
0.892	0.00708803	0.0143516	0.0042619
0.893	0.00703559	0.0142646	0.00422707
0.894	0.00703262	0.0142376	0.00424681
0.895	0.00700427	0.0142054	0.00424728
0.896	0.0069549	0.0141128	0.00421398
0.897	0.00697895	0.0141083	0.00425718
0.898	0.00688901	0.0140085	0.0041897
0.899	0.00687857	0.0139695	0.00420834
0.9	0.00685014	0.0139173	0.00420654
0.901	0.00681509	0.0138439	0.00418127
0.902	0.0067851	0.0137921	0.00417101
0.903	0.00677333	0.0137717	0.00418852
0.904	0.00672371	0.0136844	0.00417497
0.905	0.00671553	0.0136323	0.00418297
0.906	0.00665674	0.0135464	0.00415551
0.907	0.00661199	0.0134797	0.00413828
0.908	0.00660671	0.0134277	0.00415311
0.909	0.0065604	0.0133579	0.00413091
0.91	0.00651137	0.0132618	0.00410858
0.911	0.00645704	0.0131884	0.00407646
0.912	0.00644496	0.0131388	0.00409141
0.913	0.00643134	0.0131065	0.00408769
0.914	0.00636851	0.013015	0.00407587
0.915	0.0063291	0.0129185	0.00407146
0.916	0.00631733	0.012867	0.00409209
0.917	0.00629102	0.0127956	0.00408313
0.918	0.00621341	0.0126745	0.00405218
0.919	0.00614406	0.012586	0.00401712
0.92	0.00614209	0.0125332	0.00403548
0.921	0.00614474	0.0125008	0.00405956
0.922	0.00605813	0.0123801	0.00400218
0.923	0.00599724	0.012284	0.00397056
0.924	0.00599537	0.0122412	0.00400181
0.925	0.00594987	0.0121247	0.00398163
0.926	0.00588229	0.0120318	0.00395177
0.927	0.00579454	0.0118679	0.00392069
0.928	0.005759	0.0117885	0.00389973
0.929	0.00576498	0.0117212	0.00391376
0.93	0.00572023	0.0116244	0.00391519
0.931	0.00567198	0.0115346	0.00387892
0.932	0.0056294	0.0114353	0.00386119
0.933	0.00560498	0.011323	0.00385417
0.934	0.00552604	0.0111947	0.00383672
0.935	0.00550036	0.0111062	0.00382603
0.936	0.00546986	0.0110195	0.00381326
0.937	0.00545017	0.010929	0.00385758
0.938	0.00538139	0.0107559	0.00379481
0.939	0.00536111	0.010687	0.00380698
0.94	0.0052749	0.0105104	0.00375743
0.941	0.0052687	0.0104196	0.00378425
0.942	0.00522015	0.0102661	0.00376337
0.943	0.00521672	0.0101832	0.00377976
0.944	0.00514458	0.0100081	0.00371688
0.945	0.00512434	0.00988082	0.00371665
0.946	0.00509896	0.00977439	0.00373805
0.947	0.00511146	0.00965527	0.00375983
0.948	0.00495854	0.00944321	0.00365007
0.949	0.00501821	0.00936311	0.00370795
0.95	0.00497755	0.00922108	0.00368658
0.951	0.00488942	0.00899353	0.00363941
0.952	0.0049315	0.00892473	0.00366173
0.953	0.00484239	0.00874336	0.00363254
0.954	0.00478035	0.00854391	0.00357243
0.955	0.00480831	0.00836803	0.00361755
0.956	0.00479003	0.00817101	0.00360834
0.957	0.0047395	0.00804182	0.0035452
0.958	0.00477292	0.00791564	0.0036218
0.959	0.00471946	0.0076995	0.00358589
0.96	0.00467912	0.00748897	0.00355715
0.961	0.00467018	0.00732355	0.00355837
0.962	0.00462056	0.00714075	0.00351216
0.963	0.00460787	0.00692042	0.0035125
0.964	0.00461718	0.00679541	0.00352043
0.965	0.00467374	0.00658738	0.00357746
0.966	0.00463431	0.00640212	0.00354106
0.967	0.0046465	0.00629349	0.00354371
0.968	0.00469357	0.0060716	0.00359808
0.969	0.00469215	0.0058243	0.00359077
0.97	0.00462315	0.00567438	0.0035225
0.971	0.00469429	0.00542924	0.00359045
0.972	0.00463311	0.00525336	0.00353733
0.973	0.0047773	0.00508334	0.00367083
0.974	0.00469377	0.00487922	0.00357853
0.975	0.00475607	0.00472855	0.00362526
0.976	0.00483249	0.00454318	0.00368958
0.977	0.00487297	0.0043486	0.00369434
0.978	0.00493331	0.00420577	0.00376369
0.979	0.0050444	0.00398402	0.00384565
0.98	0.00512082	0.00385564	0.0038999
0.981	0.00515364	0.00364562	0.00392723
0.982	0.00521961	0.00349693	0.00396091
0.983	0.00525142	0.00333431	0.00396503
0.984	0.00547443	0.00328789	0.00414202
0.985	0.00573032	0.00316661	0.00433302
0.986	0.00583446	0.00299834	0.00439937
0.987	0.00599771	0.00282696	0.00447891
0.988	0.00629335	0.00285623	0.00472172
0.989	0.00673511	0.00278572	0.00507009
0.99	0.00698471	0.00275566	0.00523074
0.991	0.00751944	0.00272605	0.00559718
0.992	0.0082001	0.00263852	0.00613782
0.993	0.00841566	0.0025957	0.0061968
0.994	0.00974225	0.00272171	0.00722423
0.995	0.0115234	0.0029788	0.00850624
0.996	0.013791	0.00327114	0.0101611
0.997	0.0176565	0.00372933	0.0130321
0.998	0.0249516	0.00476898	0.0182389
