L	opf	cc	jcc
0	2.91376	2.90829	2.90793
0.001	2.90278	2.89731	2.89695
0.002	2.89182	2.88636	2.886
0.003	2.88089	2.87544	2.87508
0.004	2.86998	2.86454	2.86417
0.005	2.8592	2.85374	2.85337
0.006	2.84836	2.84287	2.84251
0.007	2.83748	2.832	2.83164
0.008	2.82669	2.82122	2.82087
0.009	2.81584	2.81035	2.81
0.01	2.80505	2.79958	2.79923
0.011	2.79435	2.78884	2.78849
0.012	2.7836	2.77807	2.77772
0.013	2.77296	2.76742	2.76707
0.014	2.76224	2.7567	2.75635
0.015	2.75164	2.74609	2.74574
0.016	2.74109	2.7355	2.73515
0.017	2.73044	2.72486	2.72452
0.018	2.71995	2.71434	2.714
0.019	2.70938	2.70376	2.70342
0.02	2.69879	2.69317	2.69283
0.021	2.68836	2.68272	2.68238
0.022	2.67793	2.67224	2.67191
0.023	2.66752	2.66182	2.66149
0.024	2.65712	2.6514	2.65108
0.025	2.64681	2.64105	2.64073
0.026	2.63646	2.63069	2.63037
0.027	2.62618	2.62036	2.62004
0.028	2.61606	2.61017	2.60987
0.029	2.6058	2.59993	2.59963
0.03	2.59561	2.58972	2.58942
0.031	2.58556	2.57961	2.57932
0.032	2.57536	2.5694	2.56911
0.033	2.56532	2.55933	2.55905
0.034	2.55533	2.54934	2.54905
0.035	2.54522	2.53922	2.53893
0.036	2.53524	2.52922	2.52893
0.037	2.5253	2.51927	2.51898
0.038	2.5154	2.50933	2.50905
0.039	2.50552	2.49944	2.49916
0.04	2.49577	2.48965	2.48938
0.041	2.48598	2.47985	2.47958
0.042	2.47625	2.47008	2.46982
0.043	2.46651	2.46036	2.4601
0.044	2.4568	2.45064	2.45038
0.045	2.44724	2.44107	2.44081
0.046	2.43755	2.4314	2.43114
0.047	2.42799	2.42183	2.42157
0.048	2.4185	2.41233	2.41206
0.049	2.40904	2.40288	2.40261
0.05	2.39952	2.39337	2.3931
0.051	2.39012	2.38396	2.38369
0.052	2.38069	2.37453	2.37426
0.053	2.37143	2.36526	2.36499
0.054	2.36214	2.35593	2.35567
0.055	2.35289	2.34667	2.34641
0.056	2.34364	2.3374	2.33714
0.057	2.33445	2.3282	2.32795
0.058	2.32539	2.31911	2.31886
0.059	2.31621	2.30991	2.30967
0.06	2.30723	2.30086	2.30062
0.061	2.29814	2.29179	2.29156
0.062	2.28914	2.28277	2.28255
0.063	2.28016	2.27376	2.27353
0.064	2.27128	2.26484	2.26462
0.065	2.26241	2.25593	2.25572
0.066	2.25354	2.24699	2.24678
0.067	2.2448	2.23819	2.23798
0.068	2.23605	2.2294	2.22919
0.069	2.22731	2.2206	2.2204
0.07	2.21865	2.21189	2.21167
0.071	2.21006	2.2032	2.20299
0.072	2.20146	2.19457	2.19435
0.073	2.19284	2.18591	2.18569
0.074	2.1843	2.17731	2.17709
0.075	2.17583	2.16883	2.1686
0.076	2.16734	2.1603	2.16007
0.077	2.15878	2.15174	2.1515
0.078	2.15034	2.1433	2.14306
0.079	2.14196	2.13491	2.13467
0.08	2.13361	2.12656	2.12631
0.081	2.1252	2.11818	2.11792
0.082	2.11692	2.10988	2.10962
0.083	2.1086	2.10158	2.10132
0.084	2.1003	2.09332	2.09306
0.085	2.09204	2.08508	2.08483
0.086	2.08376	2.07682	2.07656
0.087	2.07561	2.06871	2.06845
0.088	2.06754	2.06064	2.06038
0.089	2.05943	2.05256	2.05229
0.09	2.05135	2.04452	2.04425
0.091	2.04328	2.0365	2.03623
0.092	2.03524	2.02849	2.02821
0.093	2.02733	2.02058	2.02031
0.094	2.01936	2.01266	2.01238
0.095	2.01148	2.00478	2.00451
0.096	2.00361	1.99693	1.99666
0.097	1.99579	1.9891	1.98883
0.098	1.98802	1.98131	1.98105
0.099	1.98021	1.97352	1.97326
0.1	1.97246	1.96576	1.96549
0.101	1.96476	1.95803	1.95777
0.102	1.95715	1.95039	1.95012
0.103	1.94947	1.94272	1.94244
0.104	1.94193	1.93512	1.93484
0.105	1.93433	1.92752	1.92724
0.106	1.92684	1.91999	1.9197
0.107	1.91925	1.91242	1.91212
0.108	1.91179	1.90492	1.90462
0.109	1.90432	1.89745	1.89715
0.11	1.89685	1.88995	1.88964
0.111	1.8894	1.88248	1.88217
0.112	1.88202	1.87503	1.87472
0.113	1.87467	1.86769	1.86738
0.114	1.8673	1.86029	1.85998
0.115	1.85995	1.85292	1.85261
0.116	1.85266	1.8456	1.84529
0.117	1.8454	1.83831	1.838
0.118	1.83823	1.8311	1.8308
0.119	1.83102	1.82387	1.82357
0.12	1.82382	1.81665	1.81636
0.121	1.81664	1.80945	1.80915
0.122	1.80954	1.80232	1.80203
0.123	1.80247	1.79525	1.79497
0.124	1.79536	1.78813	1.78785
0.125	1.78843	1.78114	1.78086
0.126	1.78142	1.77413	1.77386
0.127	1.77449	1.76718	1.76691
0.128	1.76754	1.76023	1.75997
0.129	1.76062	1.75326	1.753
0.13	1.75375	1.74635	1.74609
0.131	1.74687	1.73944	1.73919
0.132	1.74004	1.73256	1.73232
0.133	1.73326	1.72574	1.7255
0.134	1.72647	1.71889	1.71866
0.135	1.71971	1.71211	1.71188
0.136	1.713	1.70537	1.70514
0.137	1.70628	1.69862	1.69839
0.138	1.69964	1.69191	1.6917
0.139	1.69298	1.68523	1.68502
0.14	1.68625	1.67851	1.6783
0.141	1.6797	1.67193	1.67172
0.142	1.67308	1.66529	1.66509
0.143	1.66654	1.65872	1.65853
0.144	1.66002	1.65217	1.65199
0.145	1.65349	1.64565	1.64546
0.146	1.647	1.63914	1.63896
0.147	1.6405	1.63264	1.63246
0.148	1.63405	1.62618	1.62599
0.149	1.62769	1.61982	1.61964
0.15	1.62128	1.61342	1.61323
0.151	1.61477	1.60694	1.60675
0.152	1.60847	1.60062	1.60044
0.153	1.60206	1.59422	1.59404
0.154	1.59568	1.58785	1.58766
0.155	1.58933	1.58153	1.58133
0.156	1.58299	1.57521	1.57502
0.157	1.57666	1.56887	1.56868
0.158	1.57035	1.56257	1.56238
0.159	1.56406	1.55628	1.55609
0.16	1.55786	1.55007	1.54988
0.161	1.55159	1.54377	1.54358
0.162	1.54538	1.53753	1.53733
0.163	1.53927	1.53138	1.53119
0.164	1.53308	1.52519	1.52499
0.165	1.5269	1.51897	1.51878
0.166	1.52081	1.51283	1.51264
0.167	1.51474	1.50673	1.50654
0.168	1.50868	1.50064	1.50044
0.169	1.50264	1.49457	1.49437
0.17	1.49662	1.48853	1.48833
0.171	1.49058	1.48247	1.48227
0.172	1.48462	1.47648	1.47627
0.173	1.47858	1.47045	1.47024
0.174	1.47264	1.46447	1.46426
0.175	1.46668	1.45849	1.45829
0.176	1.4607	1.45252	1.45231
0.177	1.45482	1.44658	1.44637
0.178	1.44901	1.44077	1.44056
0.179	1.44311	1.43485	1.43464
0.18	1.43728	1.42895	1.42876
0.181	1.43142	1.42307	1.42288
0.182	1.4256	1.4172	1.41702
0.183	1.41978	1.41134	1.41116
0.184	1.414	1.40552	1.40535
0.185	1.40827	1.39976	1.3996
0.186	1.40254	1.39396	1.3938
0.187	1.39684	1.38824	1.38807
0.188	1.39107	1.38243	1.38226
0.189	1.38539	1.37671	1.37654
0.19	1.37969	1.37099	1.37082
0.191	1.37407	1.36535	1.36518
0.192	1.36848	1.35969	1.35952
0.193	1.36277	1.35397	1.35381
0.194	1.35719	1.34834	1.34816
0.195	1.35159	1.34271	1.34254
0.196	1.34612	1.33718	1.337
0.197	1.34059	1.3316	1.33142
0.198	1.33499	1.326	1.32582
0.199	1.32947	1.32045	1.32026
0.2	1.32399	1.31495	1.31476
0.201	1.31853	1.30945	1.30926
0.202	1.31304	1.30395	1.30376
0.203	1.3077	1.29854	1.29836
0.204	1.30229	1.29308	1.2929
0.205	1.29678	1.28754	1.28736
0.206	1.29145	1.28216	1.28198
0.207	1.28612	1.27678	1.2766
0.208	1.2807	1.27133	1.27115
0.209	1.2754	1.26596	1.2658
0.21	1.27007	1.26059	1.26043
0.211	1.26474	1.25524	1.25509
0.212	1.2594	1.24988	1.24974
0.213	1.25419	1.24461	1.24448
0.214	1.24889	1.2393	1.23917
0.215	1.2436	1.23397	1.23385
0.216	1.23839	1.22872	1.22862
0.217	1.23323	1.22353	1.22343
0.218	1.22798	1.21828	1.21819
0.219	1.22283	1.21309	1.21301
0.22	1.21772	1.20796	1.20788
0.221	1.21254	1.20275	1.20267
0.222	1.20746	1.19764	1.19757
0.223	1.20232	1.19251	1.19244
0.224	1.19727	1.18744	1.18736
0.225	1.19218	1.1823	1.18222
0.226	1.18723	1.17732	1.17722
0.227	1.18212	1.17222	1.17213
0.228	1.17715	1.16722	1.16712
0.229	1.17216	1.1622	1.16211
0.23	1.16719	1.15722	1.15711
0.231	1.16227	1.15223	1.15212
0.232	1.15734	1.14727	1.14717
0.233	1.15254	1.14241	1.14229
0.234	1.14761	1.13744	1.13732
0.235	1.14277	1.13255	1.13244
0.236	1.13793	1.12766	1.12755
0.237	1.13309	1.12276	1.12265
0.238	1.12831	1.11793	1.11783
0.239	1.12358	1.11315	1.11305
0.24	1.11876	1.10833	1.10822
0.241	1.11399	1.1035	1.10339
0.242	1.1093	1.09878	1.09867
0.243	1.10452	1.09398	1.09387
0.244	1.09981	1.08925	1.08914
0.245	1.0951	1.08451	1.08441
0.246	1.09041	1.07981	1.0797
0.247	1.08579	1.07515	1.07504
0.248	1.08113	1.07047	1.07036
0.249	1.0765	1.06583	1.06572
0.25	1.07187	1.06117	1.06106
0.251	1.06718	1.05648	1.05638
0.252	1.06265	1.05192	1.05181
0.253	1.05802	1.04728	1.04718
0.254	1.05353	1.04275	1.04264
0.255	1.04897	1.03819	1.03808
0.256	1.04452	1.03369	1.03358
0.257	1.03997	1.02914	1.02903
0.258	1.03549	1.02467	1.02455
0.259	1.03102	1.02017	1.02004
0.26	1.0266	1.01571	1.01558
0.261	1.02225	1.01132	1.01118
0.262	1.01786	1.00691	1.00677
0.263	1.01349	1.00253	1.00238
0.264	1.00907	0.998097	0.997948
0.265	1.00475	0.993733	0.993578
0.266	1.00047	0.989437	0.989278
0.267	0.996202	0.985133	0.984965
0.268	0.991824	0.980763	0.980586
0.269	0.98765	0.976525	0.976342
0.27	0.983367	0.972222	0.972031
0.271	0.9791	0.967947	0.967753
0.272	0.974888	0.963712	0.963513
0.273	0.970743	0.959525	0.959324
0.274	0.966544	0.955284	0.955082
0.275	0.96236	0.951077	0.950871
0.276	0.958208	0.946934	0.94673
0.277	0.954175	0.942846	0.942643
0.278	0.94997	0.938638	0.938439
0.279	0.945875	0.934539	0.93434
0.28	0.941834	0.930515	0.930312
0.281	0.937668	0.926351	0.926149
0.282	0.933733	0.922429	0.922226
0.283	0.929677	0.918386	0.918177
0.284	0.925675	0.9144	0.914193
0.285	0.921615	0.91037	0.910153
0.286	0.917663	0.906437	0.906213
0.287	0.913699	0.902505	0.902281
0.288	0.909722	0.898553	0.898327
0.289	0.905758	0.894619	0.894388
0.29	0.901876	0.89075	0.890518
0.291	0.897925	0.886814	0.886581
0.292	0.894005	0.88292	0.882689
0.293	0.890064	0.879029	0.878789
0.294	0.886201	0.875154	0.874915
0.295	0.882405	0.871381	0.871147
0.296	0.878489	0.867481	0.867244
0.297	0.874675	0.863678	0.863445
0.298	0.87078	0.859826	0.859593
0.299	0.867043	0.856108	0.855876
0.3	0.86323	0.852302	0.852066
0.301	0.859412	0.848526	0.848293
0.302	0.855751	0.844856	0.844622
0.303	0.851914	0.841044	0.840804
0.304	0.848276	0.837434	0.837192
0.305	0.844494	0.833642	0.833392
0.306	0.840838	0.829999	0.829742
0.307	0.837079	0.826283	0.826024
0.308	0.833444	0.82264	0.822368
0.309	0.829761	0.818971	0.818697
0.31	0.826046	0.815292	0.815012
0.311	0.822458	0.811733	0.811448
0.312	0.818777	0.808081	0.807796
0.313	0.8151	0.804451	0.804164
0.314	0.811483	0.800883	0.800593
0.315	0.807865	0.797278	0.796988
0.316	0.804232	0.793701	0.793416
0.317	0.800637	0.790138	0.789854
0.318	0.797026	0.786564	0.786284
0.319	0.793449	0.783014	0.782737
0.32	0.789926	0.77948	0.779198
0.321	0.786379	0.77597	0.775695
0.322	0.782879	0.77244	0.772159
0.323	0.779406	0.769018	0.768736
0.324	0.775938	0.765526	0.76524
0.325	0.772414	0.762036	0.761746
0.326	0.768914	0.75854	0.758242
0.327	0.765587	0.755195	0.754885
0.328	0.762123	0.751732	0.751416
0.329	0.758767	0.748372	0.748047
0.33	0.755362	0.744974	0.744639
0.331	0.751984	0.741613	0.741262
0.332	0.748639	0.738246	0.737885
0.333	0.745319	0.734944	0.734569
0.334	0.741912	0.731559	0.731176
0.335	0.738685	0.72833	0.727943
0.336	0.735414	0.725047	0.724653
0.337	0.732133	0.72176	0.721352
0.338	0.728865	0.71851	0.718097
0.339	0.725567	0.715236	0.714816
0.34	0.722328	0.71201	0.711589
0.341	0.719078	0.708784	0.708352
0.342	0.715914	0.705663	0.705232
0.343	0.712701	0.702468	0.702032
0.344	0.709383	0.69921	0.698772
0.345	0.706261	0.696131	0.695697
0.346	0.702972	0.692899	0.692473
0.347	0.699762	0.689746	0.689317
0.348	0.696691	0.686691	0.68626
0.349	0.693437	0.683513	0.683089
0.35	0.690261	0.680403	0.679981
0.351	0.687178	0.677389	0.676964
0.352	0.683968	0.674231	0.673803
0.353	0.680877	0.671199	0.670774
0.354	0.677707	0.668103	0.667676
0.355	0.674592	0.665069	0.664637
0.356	0.671521	0.662036	0.661598
0.357	0.668475	0.65903	0.65859
0.358	0.665398	0.656018	0.655567
0.359	0.662275	0.652968	0.652513
0.36	0.659236	0.649961	0.649508
0.361	0.656094	0.646881	0.646425
0.362	0.653098	0.643908	0.643451
0.363	0.650083	0.640916	0.640456
0.364	0.647085	0.63796	0.637499
0.365	0.644079	0.634984	0.634522
0.366	0.641047	0.632001	0.63154
0.367	0.638075	0.629065	0.628598
0.368	0.634996	0.626052	0.625581
0.369	0.632093	0.623142	0.622671
0.37	0.629123	0.620226	0.619748
0.371	0.626127	0.617289	0.616809
0.372	0.623186	0.61437	0.613881
0.373	0.620245	0.611463	0.610973
0.374	0.617361	0.608592	0.6081
0.375	0.6144	0.605687	0.605193
0.376	0.611511	0.602813	0.60232
0.377	0.608685	0.600015	0.599516
0.378	0.605705	0.597084	0.596585
0.379	0.602935	0.594333	0.593826
0.38	0.600055	0.591486	0.590987
0.381	0.59724	0.588709	0.588204
0.382	0.594287	0.585783	0.585277
0.383	0.591593	0.583107	0.582598
0.384	0.588663	0.580238	0.579728
0.385	0.585899	0.577518	0.57701
0.386	0.583104	0.574752	0.574236
0.387	0.580362	0.572039	0.571521
0.388	0.577596	0.569344	0.568823
0.389	0.57481	0.566613	0.566083
0.39	0.57208	0.563916	0.563376
0.391	0.569256	0.56114	0.560595
0.392	0.566605	0.558529	0.557983
0.393	0.563867	0.55584	0.55529
0.394	0.561028	0.553053	0.552503
0.395	0.558414	0.550445	0.549897
0.396	0.55573	0.547785	0.547241
0.397	0.55299	0.545099	0.544557
0.398	0.550333	0.542502	0.541963
0.399	0.547716	0.539879	0.53934
0.4	0.544981	0.537163	0.536623
0.401	0.542352	0.534591	0.534045
0.402	0.539713	0.531992	0.53145
0.403	0.537047	0.529336	0.528795
0.404	0.534448	0.526806	0.526263
0.405	0.531854	0.524245	0.523706
0.406	0.529271	0.521681	0.521144
0.407	0.52661	0.519066	0.518533
0.408	0.524091	0.516561	0.516035
0.409	0.521528	0.513994	0.51348
0.41	0.51899	0.511464	0.510952
0.411	0.516506	0.50898	0.508474
0.412	0.513986	0.506462	0.505961
0.413	0.511491	0.503967	0.503473
0.414	0.508916	0.501406	0.500905
0.415	0.506464	0.49896	0.498458
0.416	0.504021	0.496512	0.496006
0.417	0.501565	0.494062	0.493553
0.418	0.499134	0.491636	0.491121
0.419	0.496706	0.489213	0.488693
0.42	0.494299	0.486819	0.486293
0.421	0.491833	0.484336	0.483803
0.422	0.48949	0.482004	0.481461
0.423	0.487108	0.479617	0.479068
0.424	0.48476	0.477247	0.476694
0.425	0.482443	0.474906	0.474346
0.426	0.480104	0.472551	0.471992
0.427	0.477898	0.470312	0.469749
0.428	0.475551	0.467938	0.46737
0.429	0.473329	0.465681	0.465117
0.43	0.471042	0.463374	0.462808
0.431	0.46876	0.461069	0.460501
0.432	0.466511	0.458821	0.458256
0.433	0.464306	0.456577	0.456017
0.434	0.462163	0.454418	0.45386
0.435	0.459938	0.452163	0.451607
0.436	0.457739	0.449944	0.449386
0.437	0.455528	0.447681	0.447126
0.438	0.45337	0.445495	0.444944
0.439	0.451185	0.443256	0.442705
0.44	0.449112	0.441141	0.440597
0.441	0.446897	0.438858	0.438319
0.442	0.444769	0.436695	0.436161
0.443	0.442611	0.434482	0.433946
0.444	0.440566	0.432388	0.431856
0.445	0.438365	0.430154	0.429624
0.446	0.436268	0.428005	0.427474
0.447	0.43412	0.425826	0.425291
0.448	0.432029	0.423674	0.423141
0.449	0.429894	0.421517	0.420983
0.45	0.427855	0.419412	0.418872
0.451	0.42572	0.417268	0.416725
0.452	0.423731	0.415222	0.41467
0.453	0.421581	0.413105	0.412551
0.454	0.419486	0.410966	0.410404
0.455	0.417475	0.408925	0.408362
0.456	0.415416	0.406834	0.406263
0.457	0.413423	0.404811	0.404235
0.458	0.411309	0.402715	0.402133
0.459	0.409355	0.400718	0.400128
0.46	0.407278	0.398649	0.398058
0.461	0.405216	0.396559	0.39597
0.462	0.403225	0.394567	0.393981
0.463	0.401197	0.392507	0.39192
0.464	0.399214	0.390524	0.389937
0.465	0.397143	0.388498	0.387907
0.466	0.395152	0.386519	0.385926
0.467	0.393117	0.384509	0.383907
0.468	0.391142	0.382559	0.381962
0.469	0.389135	0.380589	0.379983
0.47	0.387197	0.378671	0.378058
0.471	0.385163	0.376686	0.376073
0.472	0.383205	0.374756	0.374134
0.473	0.381236	0.372837	0.372216
0.474	0.379286	0.370883	0.37025
0.475	0.377297	0.368981	0.36835
0.476	0.37532	0.367035	0.36639
0.477	0.373341	0.365089	0.36444
0.478	0.371411	0.363204	0.362542
0.479	0.36947	0.361296	0.360632
0.48	0.367475	0.359339	0.358661
0.481	0.365561	0.357472	0.356793
0.482	0.363634	0.355586	0.354897
0.483	0.361691	0.353673	0.352978
0.484	0.359706	0.351751	0.351045
0.485	0.357759	0.349864	0.349152
0.486	0.355802	0.347959	0.34724
0.487	0.353877	0.346055	0.345335
0.488	0.351966	0.344175	0.343452
0.489	0.350012	0.342269	0.341548
0.49	0.348146	0.340396	0.339675
0.491	0.346195	0.338499	0.337783
0.492	0.344277	0.336619	0.335907
0.493	0.342367	0.334703	0.333996
0.494	0.340432	0.332794	0.332087
0.495	0.338568	0.330968	0.330266
0.496	0.336702	0.329121	0.328424
0.497	0.334777	0.327205	0.326504
0.498	0.332918	0.32537	0.324674
0.499	0.33108	0.323535	0.322832
0.5	0.329162	0.321655	0.320948
0.501	0.327365	0.319879	0.319166
0.502	0.325487	0.318029	0.317314
0.503	0.323627	0.316165	0.315452
0.504	0.321772	0.314321	0.313606
0.505	0.319916	0.312491	0.311775
0.506	0.318147	0.310727	0.310011
0.507	0.316332	0.308923	0.308211
0.508	0.3145	0.307125	0.306413
0.509	0.3127	0.305352	0.304649
0.51	0.310877	0.303559	0.302856
0.511	0.309119	0.301826	0.301133
0.512	0.307373	0.300071	0.299391
0.513	0.305509	0.298243	0.297571
0.514	0.303791	0.296571	0.29591
0.515	0.301953	0.294746	0.294099
0.516	0.300257	0.293085	0.292447
0.517	0.298519	0.291353	0.290726
0.518	0.296825	0.289682	0.289077
0.519	0.295019	0.287903	0.287305
0.52	0.293371	0.286282	0.285706
0.521	0.291689	0.284591	0.284027
0.522	0.289988	0.282914	0.282364
0.523	0.288367	0.281327	0.280788
0.524	0.286686	0.279662	0.279138
0.525	0.285127	0.27808	0.277561
0.526	0.283517	0.276478	0.275977
0.527	0.281926	0.274904	0.274419
0.528	0.2803	0.273257	0.272771
0.529	0.27873	0.271694	0.271218
0.53	0.27721	0.270186	0.269721
0.531	0.27567	0.268618	0.268164
0.532	0.274119	0.267065	0.266623
0.533	0.272629	0.265547	0.265109
0.534	0.271076	0.263996	0.263571
0.535	0.269579	0.2625	0.262088
0.536	0.268124	0.261023	0.260615
0.537	0.266617	0.259564	0.259176
0.538	0.265139	0.258068	0.257686
0.539	0.263677	0.256616	0.256241
0.54	0.26222	0.255193	0.254823
0.541	0.260724	0.253713	0.253343
0.542	0.259308	0.25233	0.251969
0.543	0.257791	0.250872	0.250518
0.544	0.256427	0.249507	0.249145
0.545	0.254964	0.248082	0.24772
0.546	0.253572	0.246739	0.246377
0.547	0.252164	0.24536	0.244997
0.548	0.250714	0.243945	0.243588
0.549	0.24932	0.242601	0.242236
0.55	0.247973	0.241262	0.240899
0.551	0.246638	0.239925	0.239558
0.552	0.245201	0.238552	0.23818
0.553	0.243844	0.237214	0.236848
0.554	0.242508	0.235863	0.235497
0.555	0.241171	0.234548	0.234179
0.556	0.239915	0.233227	0.232859
0.557	0.238573	0.231921	0.231562
0.558	0.237288	0.230616	0.230256
0.559	0.235957	0.229275	0.228921
0.56	0.234662	0.227985	0.227631
0.561	0.233382	0.226691	0.226336
0.562	0.232096	0.225379	0.225028
0.563	0.230816	0.224076	0.223721
0.564	0.229586	0.222781	0.222433
0.565	0.228323	0.221494	0.221151
0.566	0.227113	0.220228	0.219888
0.567	0.225854	0.218952	0.218609
0.568	0.224691	0.217723	0.217387
0.569	0.223411	0.216435	0.216097
0.57	0.222186	0.215179	0.214849
0.571	0.220948	0.213918	0.213585
0.572	0.219734	0.212671	0.212335
0.573	0.218535	0.211461	0.211126
0.574	0.217274	0.210183	0.209856
0.575	0.216082	0.208986	0.208658
0.576	0.214865	0.207753	0.207428
0.577	0.213613	0.206502	0.206183
0.578	0.212425	0.205331	0.205008
0.579	0.211238	0.204134	0.203816
0.58	0.210042	0.202944	0.202632
0.581	0.208805	0.201724	0.201409
0.582	0.207629	0.20054	0.200229
0.583	0.206455	0.199369	0.199068
0.584	0.205286	0.198188	0.19788
0.585	0.20411	0.197012	0.196708
0.586	0.202893	0.195781	0.195477
0.587	0.201727	0.194599	0.194291
0.588	0.200682	0.193525	0.193214
0.589	0.199493	0.192329	0.192018
0.59	0.198335	0.191157	0.190839
0.591	0.197167	0.189957	0.189645
0.592	0.196087	0.188859	0.188532
0.593	0.194929	0.18768	0.187349
0.594	0.19382	0.186531	0.186191
0.595	0.192791	0.185445	0.185101
0.596	0.191618	0.184273	0.183916
0.597	0.190476	0.183129	0.182766
0.598	0.189425	0.182068	0.181699
0.599	0.188294	0.180894	0.180518
0.6	0.18722	0.179825	0.179451
0.601	0.186094	0.178691	0.178305
0.602	0.185027	0.177614	0.177226
0.603	0.183863	0.17649	0.176102
0.604	0.182861	0.17547	0.175078
0.605	0.181787	0.174418	0.174025
0.606	0.180625	0.173294	0.172896
0.607	0.179588	0.17223	0.171824
0.608	0.178498	0.171187	0.170784
0.609	0.177377	0.170131	0.169727
0.61	0.176383	0.169111	0.168704
0.611	0.175276	0.168065	0.167658
0.612	0.174215	0.167031	0.166627
0.613	0.173216	0.166032	0.16562
0.614	0.172127	0.165002	0.164589
0.615	0.171145	0.164044	0.163619
0.616	0.170148	0.163065	0.162635
0.617	0.169111	0.16208	0.161639
0.618	0.168129	0.161109	0.16067
0.619	0.167086	0.160132	0.159687
0.62	0.166145	0.159215	0.158768
0.621	0.165193	0.158278	0.157827
0.622	0.164224	0.157343	0.156887
0.623	0.163216	0.156382	0.155919
0.624	0.162308	0.155479	0.155015
0.625	0.161388	0.154595	0.154127
0.626	0.160439	0.15369	0.153215
0.627	0.159605	0.152872	0.152397
0.628	0.158662	0.151985	0.151507
0.629	0.157799	0.151167	0.150686
0.63	0.156891	0.15031	0.14982
0.631	0.156011	0.149489	0.148986
0.632	0.155117	0.148663	0.148145
0.633	0.154297	0.14788	0.147346
0.634	0.153438	0.147112	0.146565
0.635	0.152564	0.1463	0.145737
0.636	0.151806	0.145562	0.144985
0.637	0.150971	0.14479	0.144209
0.638	0.150126	0.143982	0.143388
0.639	0.149304	0.143243	0.142644
0.64	0.148534	0.142487	0.141883
0.641	0.147739	0.141725	0.141121
0.642	0.146899	0.140963	0.140347
0.643	0.14611	0.140214	0.139601
0.644	0.145401	0.139493	0.138875
0.645	0.144537	0.138715	0.138098
0.646	0.143751	0.137958	0.137344
0.647	0.143045	0.137252	0.136641
0.648	0.142285	0.136531	0.135924
0.649	0.14149	0.135779	0.135178
0.65	0.140741	0.135062	0.134456
0.651	0.139978	0.134316	0.133712
0.652	0.139248	0.133615	0.13302
0.653	0.138518	0.13287	0.13227
0.654	0.137827	0.132201	0.131603
0.655	0.137157	0.131527	0.130933
0.656	0.136451	0.130811	0.130219
0.657	0.135758	0.130127	0.12954
0.658	0.134955	0.129352	0.128772
0.659	0.134302	0.1287	0.128114
0.66	0.133666	0.128043	0.127454
0.661	0.132934	0.127318	0.126738
0.662	0.132308	0.126704	0.126117
0.663	0.131568	0.125992	0.125408
0.664	0.130921	0.125344	0.12476
0.665	0.130238	0.124671	0.124083
0.666	0.129563	0.12397	0.123387
0.667	0.128893	0.123358	0.122768
0.668	0.128157	0.122629	0.122048
0.669	0.127567	0.122029	0.121448
0.67	0.12685	0.121334	0.120756
0.671	0.126274	0.120796	0.120222
0.672	0.125558	0.120101	0.119526
0.673	0.12488	0.119461	0.118892
0.674	0.124257	0.118865	0.1183
0.675	0.123677	0.118248	0.117683
0.676	0.12301	0.117654	0.11709
0.677	0.12239	0.11703	0.116468
0.678	0.121791	0.116445	0.11588
0.679	0.121168	0.115864	0.115299
0.68	0.120538	0.115214	0.114649
0.681	0.119908	0.114624	0.114062
0.682	0.119323	0.114047	0.113484
0.683	0.118681	0.113433	0.112872
0.684	0.118071	0.112848	0.112284
0.685	0.117567	0.112323	0.111762
0.686	0.116963	0.111734	0.111168
0.687	0.116313	0.111085	0.110517
0.688	0.115757	0.11053	0.109954
0.689	0.115173	0.109959	0.10938
0.69	0.114636	0.109404	0.108824
0.691	0.113988	0.108778	0.108191
0.692	0.113457	0.108236	0.107649
0.693	0.112854	0.107629	0.107034
0.694	0.112344	0.107097	0.106503
0.695	0.111733	0.106474	0.10587
0.696	0.111226	0.105941	0.105335
0.697	0.110619	0.105352	0.104741
0.698	0.110081	0.104787	0.104179
0.699	0.109539	0.104221	0.103609
0.7	0.109017	0.103683	0.103067
0.701	0.108457	0.103114	0.102501
0.702	0.107886	0.102552	0.101944
0.703	0.107347	0.102001	0.101399
0.704	0.106827	0.101449	0.100855
0.705	0.106296	0.100908	0.100323
0.706	0.105776	0.100366	0.0997897
0.707	0.105287	0.0998499	0.099285
0.708	0.104726	0.09928	0.0987247
0.709	0.104216	0.098757	0.0982103
0.71	0.103648	0.0982112	0.0976739
0.711	0.103174	0.0977218	0.0971912
0.712	0.102643	0.0971743	0.0966558
0.713	0.102196	0.0967003	0.0961882
0.714	0.101642	0.0961637	0.0956591
0.715	0.101169	0.0956327	0.0951339
0.716	0.10068	0.0951684	0.0946748
0.717	0.100127	0.0946173	0.0941306
0.718	0.0997088	0.0941661	0.0936844
0.719	0.0992011	0.0936304	0.0931533
0.72	0.0986945	0.0931286	0.0926538
0.721	0.0982575	0.0926884	0.0922169
0.722	0.097759	0.0921835	0.091716
0.723	0.0972215	0.0916483	0.0911837
0.724	0.0967368	0.0911513	0.0906907
0.725	0.0962712	0.0906893	0.0902325
0.726	0.0957944	0.0901897	0.089739
0.727	0.0953269	0.0897213	0.089274
0.728	0.0948121	0.0892291	0.0887866
0.729	0.09439	0.0887872	0.0883498
0.73	0.0939214	0.0883146	0.0878817
0.731	0.0934495	0.087857	0.0874302
0.732	0.0929388	0.0873658	0.0869415
0.733	0.0924747	0.0869242	0.0865024
0.734	0.0920849	0.0864938	0.0860757
0.735	0.0916561	0.0860392	0.0856224
0.736	0.0911665	0.0855538	0.0851393
0.737	0.090769	0.0851417	0.0847272
0.738	0.090323	0.0847227	0.0843092
0.739	0.0899064	0.084258	0.0838447
0.74	0.0894301	0.083791	0.0833777
0.741	0.0890354	0.0833737	0.0829615
0.742	0.0886467	0.0829605	0.0825476
0.743	0.0881482	0.0824462	0.0820323
0.744	0.0877528	0.082043	0.0816286
0.745	0.0873405	0.0816097	0.0811942
0.746	0.0868437	0.0811459	0.0807284
0.747	0.086525	0.0807692	0.0803497
0.748	0.086106	0.0803486	0.0799257
0.749	0.0856385	0.079878	0.0794526
0.75	0.0852527	0.0794467	0.0790181
0.751	0.0847164	0.0789673	0.0785352
0.752	0.0843236	0.0785458	0.0781092
0.753	0.0839276	0.078131	0.0776905
0.754	0.083519	0.0776873	0.0772429
0.755	0.083074	0.0772681	0.0768198
0.756	0.0826054	0.0768009	0.0763484
0.757	0.0821826	0.0763711	0.0759144
0.758	0.0817335	0.0759253	0.0754643
0.759	0.0812798	0.0755005	0.075035
0.76	0.0808848	0.075075	0.0746064
0.761	0.0804252	0.0746295	0.074157
0.762	0.0800453	0.0742335	0.0737582
0.763	0.0795696	0.0737868	0.0733085
0.764	0.0791013	0.0733079	0.0728272
0.765	0.0786492	0.0728293	0.0723462
0.766	0.0782554	0.0724502	0.0719657
0.767	0.0777414	0.0719549	0.0714674
0.768	0.0773487	0.0715835	0.0710942
0.769	0.0768742	0.0710864	0.0705969
0.77	0.0764767	0.0706861	0.070195
0.771	0.0760506	0.070267	0.0697769
0.772	0.0756144	0.0698268	0.0693361
0.773	0.0751638	0.0693969	0.0689069
0.774	0.0748191	0.0690295	0.0685402
0.775	0.0743687	0.0686046	0.0681149
0.776	0.073978	0.0682122	0.0677242
0.777	0.0735101	0.0677587	0.0672714
0.778	0.0731206	0.0673726	0.0668861
0.779	0.0727375	0.0669741	0.0664868
0.78	0.0722988	0.0665618	0.066073
0.781	0.0719358	0.0661884	0.0657001
0.782	0.071562	0.0658234	0.0653331
0.783	0.0711975	0.0654689	0.0649766
0.784	0.0708037	0.0650752	0.0645837
0.785	0.0704397	0.0647212	0.0642254
0.786	0.0700442	0.0643504	0.0638517
0.787	0.0697239	0.064036	0.0635336
0.788	0.0693174	0.0636555	0.0631511
0.789	0.0690116	0.0633587	0.0628536
0.79	0.0686068	0.0629839	0.062475
0.791	0.0682875	0.0626875	0.0621758
0.792	0.0680113	0.0624644	0.0619507
0.793	0.0676339	0.062114	0.0615972
0.794	0.0672486	0.0617646	0.0612455
0.795	0.0669206	0.0614661	0.0609455
0.796	0.0666017	0.0611873	0.060664
0.797	0.0662584	0.0608766	0.0603497
0.798	0.0659564	0.0605922	0.0600624
0.799	0.0655596	0.0602326	0.0596993
0.8	0.0653231	0.0600307	0.0594946
0.801	0.0649674	0.0596709	0.0591311
0.802	0.0647475	0.059477	0.0589357
0.803	0.0644247	0.0591731	0.0586272
0.804	0.0640783	0.0588531	0.0583063
0.805	0.0638331	0.0586394	0.0580905
0.806	0.0635522	0.0583481	0.0577972
0.807	0.0633029	0.0581068	0.0575548
0.808	0.0630366	0.0578334	0.057281
0.809	0.0627622	0.0575818	0.057029
0.81	0.0625482	0.0573731	0.0568172
0.811	0.0622437	0.0570611	0.0565055
0.812	0.0620909	0.0569071	0.0563497
0.813	0.0617772	0.0565823	0.0560246
0.814	0.0615463	0.056364	0.0558048
0.815	0.0613353	0.0561078	0.0555467
0.816	0.0611686	0.0559162	0.0553513
0.817	0.0608409	0.0555908	0.0550239
0.818	0.0606887	0.0553916	0.054822
0.819	0.0604811	0.0551594	0.0545872
0.82	0.0602666	0.0548791	0.0543036
0.821	0.0600585	0.0546519	0.0540748
0.822	0.0598869	0.0544121	0.053833
0.823	0.0597288	0.0542102	0.0536282
0.824	0.0594993	0.0539216	0.0533395
0.825	0.059319	0.0536638	0.0530812
0.826	0.0591704	0.0534616	0.0528771
0.827	0.0590113	0.0532485	0.0526643
0.828	0.0588111	0.052978	0.0523922
0.829	0.0586006	0.0527099	0.0521236
0.83	0.0583907	0.0524431	0.051856
0.831	0.0582272	0.0522033	0.051614
0.832	0.0581145	0.0520221	0.0514317
0.833	0.0578949	0.0517498	0.0511557
0.834	0.0577006	0.0514943	0.0508982
0.835	0.0575375	0.0512578	0.050658
0.836	0.0573253	0.0509971	0.0503948
0.837	0.0571616	0.0507591	0.0501528
0.838	0.0570591	0.0505955	0.0499857
0.839	0.0568699	0.0503479	0.0497346
0.84	0.0566931	0.0501204	0.0495024
0.841	0.0565145	0.0498721	0.0492507
0.842	0.0563112	0.0496085	0.0489846
0.843	0.0561646	0.0494081	0.0487791
0.844	0.0559583	0.0491572	0.0485243
0.845	0.0557936	0.0489395	0.0483026
0.846	0.0555599	0.0486455	0.0480046
0.847	0.0553421	0.0483838	0.0477361
0.848	0.055171	0.0481616	0.047507
0.849	0.0549708	0.0479193	0.0472573
0.85	0.054712	0.0476181	0.0469471
0.851	0.0545798	0.0474385	0.046761
0.852	0.0543109	0.0471385	0.0464493
0.853	0.0541646	0.0469576	0.0462597
0.854	0.0539316	0.0466971	0.0459865
0.855	0.0537087	0.0464493	0.0457272
0.856	0.0535287	0.0462476	0.0455156
0.857	0.0532727	0.0459629	0.0452208
0.858	0.0530111	0.0456779	0.0449267
0.859	0.0528414	0.0454899	0.0447317
0.86	0.052554	0.0451836	0.0444174
0.861	0.0523612	0.0449763	0.0442029
0.862	0.0521546	0.0447563	0.0439769
0.863	0.0519363	0.0445072	0.0437214
0.864	0.0515793	0.044138	0.0433457
0.865	0.0513773	0.0439194	0.0431217
0.866	0.0511617	0.0436856	0.0428819
0.867	0.0508272	0.0433378	0.0425275
0.868	0.0506845	0.0431696	0.042353
0.869	0.0503461	0.0428215	0.0419988
0.87	0.0501779	0.0426287	0.0417998
0.871	0.049924	0.0423628	0.0415267
0.872	0.0495411	0.0419589	0.0411168
0.873	0.0492473	0.041642	0.0407933
0.874	0.0489906	0.0413706	0.0405148
0.875	0.0487843	0.0411455	0.0402825
0.876	0.0484342	0.0407757	0.0399053
0.877	0.0481938	0.0405202	0.0396427
0.878	0.0477884	0.0400863	0.0392017
0.879	0.0476131	0.0398975	0.0390049
0.88	0.0473145	0.0395747	0.0386736
0.881	0.0469414	0.0391897	0.0382809
0.882	0.0466129	0.0388438	0.037927
0.883	0.0463152	0.0385253	0.0375999
0.884	0.0459845	0.0381786	0.0372445
0.885	0.0455856	0.0377765	0.0368337
0.886	0.0453058	0.0374766	0.0365244
0.887	0.0450052	0.0371558	0.0361944
0.888	0.0446844	0.0368306	0.0358596
0.889	0.044347	0.0364704	0.0354896
0.89	0.044014	0.03614	0.0351478
0.891	0.0436972	0.0357834	0.0347825
0.892	0.0433839	0.0354653	0.0344526
0.893	0.0429862	0.0350594	0.0340366
0.894	0.0426793	0.0347411	0.0337067
0.895	0.0423289	0.0343843	0.0333381
0.896	0.041997	0.0340397	0.0329823
0.897	0.0416418	0.0336671	0.032597
0.898	0.0413884	0.0333891	0.0323065
0.899	0.0409985	0.0330107	0.0319135
0.9	0.0407469	0.0327645	0.0316517
0.901	0.0403877	0.0324157	0.0312862
0.902	0.0401041	0.0321222	0.0309755
0.903	0.0398248	0.0318221	0.0306576
0.904	0.0395568	0.0315742	0.0303878
0.905	0.0391987	0.0312485	0.0300394
0.906	0.0389445	0.0310276	0.0297919
0.907	0.0386082	0.0307084	0.0294494
0.908	0.0382944	0.0304308	0.0291451
0.909	0.0380351	0.0302128	0.0288991
0.91	0.0377302	0.0299551	0.0286148
0.911	0.0376023	0.0298433	0.0284802
0.912	0.0373201	0.0295899	0.0282033
0.913	0.0370822	0.0293808	0.0279698
0.914	0.0368127	0.0291445	0.0277119
0.915	0.0365657	0.0289381	0.0274823
0.916	0.0363034	0.0287225	0.0272455
0.917	0.0360373	0.0284781	0.0269799
0.918	0.0358687	0.0283404	0.0268194
0.919	0.0355575	0.0280599	0.0265177
0.92	0.0353855	0.0278928	0.0263297
0.921	0.0351585	0.0276713	0.0260864
0.922	0.0349707	0.0274977	0.0258906
0.923	0.034702	0.0272328	0.0256041
0.924	0.0345476	0.0270622	0.0254111
0.925	0.0343521	0.0268552	0.0251815
0.926	0.0341322	0.02662	0.0249232
0.927	0.0339161	0.0263826	0.024662
0.928	0.0338716	0.0263011	0.0245557
0.929	0.0336174	0.0259944	0.024224
0.93	0.0333977	0.0257365	0.0239398
0.931	0.0331464	0.0254332	0.0236086
0.932	0.0330127	0.0252166	0.0233645
0.933	0.0328741	0.0250049	0.0231222
0.934	0.0327124	0.0247585	0.022845
0.935	0.0325101	0.0244646	0.022517
0.936	0.032365	0.0242226	0.0222421
0.937	0.0322447	0.0240057	0.021987
0.938	0.0320412	0.0237222	0.0216644
0.939	0.0319339	0.0234956	0.0214027
0.94	0.0317938	0.0232764	0.0211405
0.941	0.0315575	0.0229658	0.0207892
0.942	0.0313241	0.0226396	0.0204232
0.943	0.0312852	0.0225045	0.0202475
0.944	0.0310938	0.0222404	0.0199427
0.945	0.03092	0.0219949	0.0196606
0.946	0.030642	0.02165	0.0192722
0.947	0.0304549	0.0213864	0.0189758
0.948	0.0302588	0.0211395	0.0186842
0.949	0.0300648	0.0208843	0.0183927
0.95	0.0299224	0.0206689	0.0181349
0.951	0.0297087	0.0204061	0.0178359
0.952	0.0293984	0.020038	0.0174262
0.953	0.0291999	0.0197898	0.0171359
0.954	0.0289584	0.0194934	0.0167989
0.955	0.0286522	0.0191536	0.0164074
0.956	0.0284679	0.0189093	0.0161155
0.957	0.0280201	0.0184381	0.0156022
0.958	0.0278673	0.0182047	0.0153104
0.959	0.0276146	0.0179377	0.0149876
0.96	0.027321	0.0175415	0.0145335
0.961	0.0270332	0.0172063	0.0141344
0.962	0.0268158	0.0169291	0.0137915
0.963	0.0264086	0.0164671	0.01326
0.964	0.0261538	0.0160762	0.0127942
0.965	0.0258076	0.0156399	0.0122851
0.966	0.0255083	0.0152646	0.0118303
0.967	0.0253394	0.0149138	0.0114086
0.968	0.0250658	0.014498	0.0109284
0.969	0.0245856	0.0138818	0.010262
0.97	0.0243058	0.0134366	0.00976338
0.971	0.0241267	0.0130635	0.00936929
0.972	0.0237203	0.0124746	0.0087625
0.973	0.0235298	0.0119813	0.00826802
0.974	0.0232156	0.0114501	0.00775888
0.975	0.0228092	0.0108193	0.00721579
0.976	0.0224912	0.0102581	0.00671145
0.977	0.0221539	0.00963781	0.00623238
0.978	0.0218324	0.00899101	0.00572991
0.979	0.0213598	0.00832499	0.00520591
0.98	0.021175	0.00773648	0.00477362
0.981	0.0209681	0.00716924	0.00433025
0.982	0.0207912	0.00662969	0.00395307
0.983	0.0204482	0.00598102	0.00351075
0.984	0.020093	0.00526018	0.00306829
0.985	0.0196987	0.00467452	0.00267926
0.986	0.0195687	0.00420103	0.00242399
0.987	0.0195635	0.00367729	0.00207807
0.988	0.0192671	0.003104	0.00175763
0.989	0.0193501	0.00271611	0.00159872
0.99	0.01886	0.00219217	0.00126306
0.991	0.0194952	0.00191171	0.0011417
0.992	0.0196582	0.00155987	0.000982121
0.993	0.020233	0.00133478	0.000877363
0.994	0.02092	0.00102451	0.000690615
0.995	0.022052	0.000843721	0.000599236
0.996	0.0239984	0.000778177	0.000565692
0.997	0.0280246	0.000697059	0.00051093
0.998	0.0365675	0.00070178	0.000656647
