L	opf	cc	jcc
0	0.0655165	0.0712416	0.0677125
0.001	0.0653802	0.0711114	0.06758
0.002	0.0652438	0.0709813	0.067449
0.003	0.0651122	0.0708555	0.0673227
0.004	0.064975	0.0707216	0.0671911
0.005	0.0648384	0.0705914	0.0670622
0.006	0.0647052	0.0704638	0.0669334
0.007	0.0645613	0.0703246	0.0667954
0.008	0.0644323	0.0702038	0.0666747
0.009	0.0642891	0.0700663	0.066539
0.01	0.0641569	0.0699388	0.0664136
0.011	0.0640118	0.0698002	0.0662764
0.012	0.063883	0.0696768	0.0661528
0.013	0.0637437	0.0695437	0.0660209
0.014	0.0636012	0.0694099	0.0658869
0.015	0.0634622	0.0692732	0.065755
0.016	0.0633289	0.0691477	0.0656287
0.017	0.0631833	0.0690081	0.0654905
0.018	0.0630494	0.0688789	0.0653633
0.019	0.0629163	0.0687522	0.0652383
0.02	0.0627701	0.0686143	0.0651001
0.021	0.0626334	0.0684824	0.0649703
0.022	0.0624905	0.0683465	0.0648353
0.023	0.0623482	0.0682093	0.0646991
0.024	0.06221	0.0680795	0.0645691
0.025	0.0620659	0.067943	0.0644339
0.026	0.061924	0.0678102	0.064299
0.027	0.0617842	0.0676798	0.0641667
0.028	0.0616451	0.0675467	0.0640345
0.029	0.0614969	0.0674085	0.0638942
0.03	0.0613547	0.067279	0.063759
0.031	0.0612105	0.067146	0.0636247
0.032	0.0610628	0.0670104	0.063483
0.033	0.0609225	0.0668845	0.0633515
0.034	0.060782	0.0667585	0.0632193
0.035	0.0606389	0.0666319	0.0630826
0.036	0.0604974	0.066505	0.0629478
0.037	0.0603468	0.0663711	0.0628054
0.038	0.0602059	0.0662459	0.0626721
0.039	0.0600595	0.0661181	0.0625338
0.04	0.0599135	0.0659944	0.0623955
0.041	0.0597735	0.0658731	0.0622616
0.042	0.0596205	0.0657382	0.0621173
0.043	0.0594735	0.0656111	0.0619792
0.044	0.0593161	0.0654767	0.0618303
0.045	0.0591755	0.0653585	0.0616977
0.046	0.0590272	0.0652283	0.0615566
0.047	0.0588821	0.0651065	0.0614202
0.048	0.058728	0.0649749	0.061273
0.049	0.0585897	0.0648583	0.0611429
0.05	0.0584329	0.0647253	0.0609945
0.051	0.0582966	0.0646118	0.0608653
0.052	0.0581313	0.0644675	0.0607106
0.053	0.0579861	0.064343	0.0605714
0.054	0.0578338	0.0642149	0.0604281
0.055	0.0576835	0.0640856	0.0602849
0.056	0.05754	0.0639672	0.0601504
0.057	0.0573844	0.0638316	0.0600032
0.058	0.0572291	0.0636978	0.0598562
0.059	0.0570816	0.0635767	0.0597182
0.06	0.0569372	0.0634548	0.0595817
0.061	0.056777	0.0633167	0.0594296
0.062	0.0566247	0.0631869	0.059288
0.063	0.0564807	0.0630644	0.0591511
0.064	0.05632	0.0629254	0.0590011
0.065	0.0561696	0.0628009	0.0588582
0.066	0.0560183	0.0626727	0.0587172
0.067	0.0558587	0.0625359	0.0585691
0.068	0.0557004	0.0624008	0.0584195
0.069	0.0555472	0.0622695	0.0582746
0.07	0.0553984	0.0621437	0.0581371
0.071	0.055247	0.0620124	0.0579942
0.072	0.0550863	0.0618747	0.0578428
0.073	0.0549375	0.0617467	0.057704
0.074	0.0547752	0.0616069	0.0575503
0.075	0.0546247	0.0614744	0.0574106
0.076	0.0544744	0.0613444	0.057269
0.077	0.0543142	0.0612026	0.0571176
0.078	0.0541643	0.0610747	0.0569775
0.079	0.054013	0.0609446	0.0568344
0.08	0.0538556	0.0608036	0.0566877
0.081	0.0537074	0.0606741	0.0565464
0.082	0.0535455	0.0605299	0.056396
0.083	0.0533975	0.0603992	0.0562551
0.084	0.0532502	0.0602681	0.0561169
0.085	0.0531022	0.0601423	0.055979
0.086	0.0529477	0.0600038	0.0558329
0.087	0.0527823	0.0598511	0.0556766
0.088	0.0526424	0.0597322	0.0555456
0.089	0.0524906	0.0595992	0.0554048
0.09	0.0523266	0.0594484	0.0552489
0.091	0.0521757	0.0593163	0.0551084
0.092	0.0520196	0.0591787	0.0549653
0.093	0.0518698	0.0590492	0.054825
0.094	0.0517171	0.0589116	0.0546797
0.095	0.0515624	0.0587797	0.0545377
0.096	0.0514015	0.0586381	0.0543868
0.097	0.0512513	0.0585129	0.0542509
0.098	0.0510968	0.058382	0.0541086
0.099	0.050943	0.05825	0.0539642
0.1	0.0507899	0.0581206	0.0538236
0.101	0.0506364	0.0579907	0.0536818
0.102	0.0504794	0.0578585	0.0535385
0.103	0.050324	0.0577274	0.0533963
0.104	0.0501707	0.0576026	0.0532579
0.105	0.0500055	0.0574609	0.0531071
0.106	0.0498537	0.0573396	0.0529696
0.107	0.0496992	0.0572142	0.0528275
0.108	0.0495442	0.0570897	0.0526881
0.109	0.0493872	0.0569576	0.0525426
0.11	0.0492254	0.0568272	0.0523994
0.111	0.0490732	0.0567037	0.0522601
0.112	0.0489185	0.0565775	0.0521219
0.113	0.0487657	0.056453	0.0519844
0.114	0.0486094	0.056326	0.0518442
0.115	0.0484488	0.056193	0.0517033
0.116	0.0482946	0.0560694	0.0515659
0.117	0.0481416	0.0559495	0.0514332
0.118	0.0479842	0.0558179	0.0512958
0.119	0.047828	0.0556976	0.0511603
0.12	0.047676	0.0555771	0.051027
0.121	0.0475242	0.0554594	0.0508967
0.122	0.0473588	0.0553342	0.0507587
0.123	0.0472101	0.0552161	0.05063
0.124	0.047051	0.0550962	0.0504969
0.125	0.046897	0.054978	0.0503665
0.126	0.0467327	0.054846	0.0502281
0.127	0.046582	0.0547359	0.0501037
0.128	0.0464278	0.0546203	0.0499781
0.129	0.0462726	0.0544985	0.0498487
0.13	0.0461299	0.0543931	0.0497325
0.131	0.045968	0.0542714	0.0496045
0.132	0.0458143	0.0541544	0.0494829
0.133	0.0456692	0.0540482	0.0493707
0.134	0.0455119	0.0539278	0.0492485
0.135	0.0453593	0.0538175	0.0491344
0.136	0.0452114	0.0537054	0.0490203
0.137	0.0450557	0.0535871	0.0489044
0.138	0.0449034	0.0534748	0.0487887
0.139	0.0447522	0.0533665	0.048682
0.14	0.0445986	0.0532508	0.0485675
0.141	0.0444502	0.0531354	0.0484589
0.142	0.0442952	0.0530202	0.04835
0.143	0.0441416	0.0529106	0.0482461
0.144	0.0439859	0.0527894	0.0481326
0.145	0.0438361	0.0526859	0.0480357
0.146	0.0436739	0.0525586	0.0479204
0.147	0.0435294	0.0524556	0.0478238
0.148	0.043375	0.0523411	0.0477216
0.149	0.0432203	0.0522251	0.0476179
0.15	0.0430735	0.0521152	0.0475173
0.151	0.0429208	0.0520032	0.0474143
0.152	0.0427608	0.0518812	0.0473066
0.153	0.0426087	0.0517653	0.0471981
0.154	0.0424658	0.0516543	0.0470985
0.155	0.0423148	0.0515454	0.0469936
0.156	0.0421696	0.0514291	0.0468916
0.157	0.0420272	0.0513237	0.0467927
0.158	0.0418743	0.0512036	0.0466822
0.159	0.0417349	0.051094	0.0465803
0.16	0.0415871	0.0509841	0.0464776
0.161	0.0414408	0.0508696	0.0463711
0.162	0.0412977	0.0507638	0.046268
0.163	0.0411448	0.0506434	0.0461545
0.164	0.040993	0.0505336	0.0460473
0.165	0.0408576	0.0504371	0.0459534
0.166	0.0407161	0.0503319	0.0458517
0.167	0.0405645	0.0502143	0.0457431
0.168	0.0404213	0.0501092	0.0456414
0.169	0.0402807	0.0500014	0.0455424
0.17	0.0401299	0.0498879	0.0454382
0.171	0.0399844	0.0497757	0.0453347
0.172	0.0398489	0.0496771	0.0452415
0.173	0.0397047	0.0495568	0.0451351
0.174	0.0395513	0.0494438	0.045029
0.175	0.0394133	0.0493425	0.0449341
0.176	0.0392755	0.0492374	0.0448384
0.177	0.0391195	0.0491109	0.0447274
0.178	0.0389826	0.0490065	0.0446314
0.179	0.0388446	0.0489056	0.0445395
0.18	0.0386998	0.048785	0.0444333
0.181	0.0385575	0.0486785	0.0443368
0.182	0.0384175	0.0485693	0.0442389
0.183	0.0382795	0.048454	0.0441376
0.184	0.0381344	0.048339	0.0440346
0.185	0.0379993	0.0482223	0.0439334
0.186	0.0378751	0.0481265	0.0438466
0.187	0.0377367	0.0480102	0.043743
0.188	0.0376021	0.0478978	0.0436422
0.189	0.0374705	0.0477882	0.0435401
0.19	0.0373412	0.0476811	0.0434426
0.191	0.0372052	0.0475691	0.0433366
0.192	0.0370786	0.0474682	0.0432384
0.193	0.0369509	0.0473588	0.0431349
0.194	0.0368289	0.0472543	0.0430343
0.195	0.0367062	0.0471561	0.0429364
0.196	0.0365725	0.0470436	0.042825
0.197	0.0364573	0.0469544	0.0427329
0.198	0.0363264	0.0468483	0.0426255
0.199	0.0362156	0.0467603	0.0425361
0.2	0.0360909	0.0466574	0.0424329
0.201	0.0359628	0.0465557	0.0423331
0.202	0.0358399	0.0464579	0.0422358
0.203	0.0357199	0.0463636	0.0421383
0.204	0.0356003	0.046268	0.0420427
0.205	0.0354747	0.0461617	0.0419391
0.206	0.0353518	0.0460626	0.0418413
0.207	0.0352278	0.0459557	0.041736
0.208	0.0351106	0.0458593	0.0416432
0.209	0.0349931	0.0457671	0.0415508
0.21	0.0348752	0.0456641	0.0414527
0.211	0.0347506	0.0455544	0.04135
0.212	0.0346393	0.0454702	0.0412621
0.213	0.0345234	0.04537	0.0411678
0.214	0.0344106	0.0452693	0.0410761
0.215	0.0342873	0.0451645	0.0409775
0.216	0.0341767	0.0450656	0.0408848
0.217	0.0340611	0.0449569	0.0407852
0.218	0.0339499	0.0448596	0.0406938
0.219	0.0338401	0.0447596	0.0406015
0.22	0.0337343	0.0446562	0.0405077
0.221	0.0336267	0.0445627	0.0404183
0.222	0.0335215	0.0444603	0.0403279
0.223	0.0334158	0.0443635	0.0402359
0.224	0.0332967	0.0442469	0.0401305
0.225	0.0331972	0.0441565	0.0400477
0.226	0.0331029	0.0440645	0.0399659
0.227	0.0329869	0.0439576	0.039868
0.228	0.0328863	0.0438531	0.0397767
0.229	0.0327775	0.0437522	0.0396801
0.23	0.0326793	0.0436559	0.0395927
0.231	0.0325815	0.0435601	0.0395065
0.232	0.0324816	0.0434654	0.03942
0.233	0.0323857	0.0433595	0.0393247
0.234	0.0322929	0.0432704	0.0392416
0.235	0.0321967	0.0431688	0.0391514
0.236	0.0321073	0.0430713	0.039065
0.237	0.0320079	0.0429657	0.0389709
0.238	0.0319185	0.0428734	0.0388863
0.239	0.0318342	0.0427803	0.0388048
0.24	0.0317434	0.0426769	0.0387148
0.241	0.0316506	0.0425872	0.0386329
0.242	0.0315696	0.0425011	0.0385568
0.243	0.0314766	0.042397	0.0384643
0.244	0.0313862	0.042298	0.0383791
0.245	0.0313009	0.0421991	0.0382956
0.246	0.0312102	0.0420997	0.0382084
0.247	0.0311202	0.042004	0.0381231
0.248	0.0310366	0.0419061	0.0380407
0.249	0.0309413	0.0418096	0.0379538
0.25	0.0308573	0.0417249	0.0378749
0.251	0.0307789	0.0416376	0.0377997
0.252	0.0306942	0.0415448	0.0377187
0.253	0.0306073	0.0414513	0.0376298
0.254	0.0305209	0.0413648	0.0375514
0.255	0.0304346	0.0412681	0.0374628
0.256	0.0303408	0.0411774	0.0373743
0.257	0.0302569	0.0410949	0.0372919
0.258	0.0301714	0.0410125	0.0372114
0.259	0.0300776	0.0409199	0.0371214
0.26	0.0299947	0.0408309	0.0370351
0.261	0.0299056	0.0407507	0.0369531
0.262	0.0298115	0.040658	0.0368607
0.263	0.0297373	0.0405846	0.0367868
0.264	0.0296418	0.0405007	0.036698
0.265	0.0295541	0.0404139	0.0366079
0.266	0.029468	0.0403337	0.0365271
0.267	0.0293813	0.0402503	0.0364378
0.268	0.0292958	0.0401664	0.0363543
0.269	0.0292045	0.0400816	0.0362663
0.27	0.0291276	0.0400077	0.0361873
0.271	0.0290331	0.0399222	0.0360959
0.272	0.0289448	0.0398341	0.0360048
0.273	0.0288569	0.0397439	0.0359158
0.274	0.0287715	0.0396635	0.0358297
0.275	0.0286901	0.039588	0.0357447
0.276	0.0285993	0.0395004	0.0356541
0.277	0.0285196	0.0394185	0.0355674
0.278	0.0284351	0.0393351	0.035478
0.279	0.0283471	0.0392493	0.0353884
0.28	0.0282675	0.0391772	0.035306
0.281	0.0281794	0.0390922	0.0352135
0.282	0.028096	0.0390027	0.0351202
0.283	0.0280273	0.0389366	0.0350432
0.284	0.0279466	0.0388538	0.0349517
0.285	0.0278715	0.0387748	0.0348676
0.286	0.0277974	0.0387014	0.034782
0.287	0.0277288	0.0386257	0.0346964
0.288	0.027661	0.0385547	0.0346171
0.289	0.0275874	0.0384748	0.0345255
0.29	0.0275197	0.0384067	0.0344449
0.291	0.0274588	0.0383437	0.0343693
0.292	0.0273855	0.0382689	0.0342807
0.293	0.0273285	0.0382019	0.0342035
0.294	0.0272642	0.0381323	0.0341199
0.295	0.0272039	0.0380649	0.0340392
0.296	0.0271374	0.037989	0.0339581
0.297	0.027075	0.0379196	0.0338722
0.298	0.0270185	0.0378619	0.0337971
0.299	0.0269583	0.0377878	0.0337169
0.3	0.0269074	0.0377253	0.0336424
0.301	0.0268483	0.0376706	0.033568
0.302	0.026789	0.0376026	0.033487
0.303	0.0267375	0.0375393	0.0334149
0.304	0.0266895	0.037479	0.0333459
0.305	0.0266364	0.0374194	0.0332717
0.306	0.0265802	0.0373541	0.0331971
0.307	0.0265279	0.037292	0.0331208
0.308	0.0264726	0.0372243	0.0330448
0.309	0.0264263	0.0371702	0.0329791
0.31	0.0263692	0.0370982	0.0329002
0.311	0.0263275	0.0370482	0.032837
0.312	0.0262682	0.0369792	0.0327582
0.313	0.0262237	0.0369179	0.0326868
0.314	0.0261705	0.0368598	0.0326158
0.315	0.0261223	0.0367985	0.0325436
0.316	0.0260773	0.0367392	0.0324743
0.317	0.0260255	0.0366719	0.0323964
0.318	0.0259848	0.0366216	0.032333
0.319	0.0259406	0.0365603	0.0322603
0.32	0.0259012	0.0365066	0.0321936
0.321	0.0258574	0.0364468	0.032122
0.322	0.0258148	0.0363846	0.0320511
0.323	0.0257743	0.0363322	0.0319824
0.324	0.0257342	0.0362772	0.0319161
0.325	0.0256818	0.0362024	0.0318296
0.326	0.02564	0.0361477	0.0317608
0.327	0.0256088	0.0361005	0.0316977
0.328	0.0255608	0.0360346	0.0316219
0.329	0.025516	0.0359702	0.0315436
0.33	0.0254754	0.0359144	0.0314727
0.331	0.0254425	0.0358687	0.0314111
0.332	0.0253899	0.0357939	0.0313235
0.333	0.0253561	0.0357462	0.0312588
0.334	0.025317	0.0356832	0.0311851
0.335	0.0252824	0.0356287	0.0311149
0.336	0.025239	0.0355627	0.0310357
0.337	0.0251965	0.0355064	0.030961
0.338	0.0251627	0.0354529	0.0308917
0.339	0.0251177	0.0353847	0.0308078
0.34	0.0250811	0.035336	0.0307426
0.341	0.0250468	0.0352708	0.0306646
0.342	0.0250075	0.0352223	0.0305961
0.343	0.0249709	0.0351591	0.0305202
0.344	0.0249245	0.0350955	0.030436
0.345	0.0248964	0.0350446	0.030369
0.346	0.0248489	0.0349834	0.0302872
0.347	0.0248087	0.0349252	0.0302071
0.348	0.0247715	0.0348752	0.0301369
0.349	0.0247288	0.0348132	0.030058
0.35	0.024691	0.0347636	0.0299838
0.351	0.0246594	0.0347106	0.0299103
0.352	0.024618	0.0346547	0.0298315
0.353	0.0245783	0.0346039	0.0297584
0.354	0.0245468	0.0345502	0.0296825
0.355	0.0244979	0.0344951	0.0296022
0.356	0.0244597	0.0344407	0.0295274
0.357	0.0244172	0.0343766	0.0294409
0.358	0.0243807	0.0343321	0.0293676
0.359	0.0243424	0.0342801	0.0292903
0.36	0.0243017	0.0342329	0.0292184
0.361	0.0242561	0.0341761	0.0291373
0.362	0.0242154	0.0341217	0.0290587
0.363	0.0241799	0.0340731	0.0289848
0.364	0.0241373	0.0340248	0.0289127
0.365	0.0240967	0.0339751	0.0288363
0.366	0.0240607	0.0339331	0.0287694
0.367	0.0240127	0.0338749	0.0286862
0.368	0.0239675	0.033817	0.0286067
0.369	0.0239305	0.0337744	0.0285385
0.37	0.0238947	0.0337203	0.0284691
0.371	0.0238492	0.0336731	0.0283945
0.372	0.0238083	0.0336257	0.0283274
0.373	0.0237707	0.0335689	0.0282533
0.374	0.0237274	0.0335274	0.02819
0.375	0.0236785	0.0334584	0.0281062
0.376	0.0236412	0.0334214	0.028047
0.377	0.0235958	0.0333679	0.0279778
0.378	0.0235574	0.0333197	0.0279156
0.379	0.0235104	0.033264	0.0278427
0.38	0.0234693	0.0332157	0.0277813
0.381	0.0234244	0.0331612	0.027714
0.382	0.0233777	0.0331087	0.0276484
0.383	0.0233493	0.0330742	0.0275988
0.384	0.0232952	0.0330055	0.0275231
0.385	0.0232544	0.0329649	0.0274676
0.386	0.0232021	0.0328922	0.02739
0.387	0.0231681	0.0328605	0.0273419
0.388	0.023124	0.0328119	0.0272835
0.389	0.0230758	0.032753	0.027215
0.39	0.0230345	0.0326982	0.0271534
0.391	0.0229914	0.0326533	0.0270966
0.392	0.0229487	0.0325948	0.0270311
0.393	0.0229097	0.0325554	0.0269797
0.394	0.0228508	0.032487	0.0269037
0.395	0.022811	0.0324356	0.0268438
0.396	0.0227726	0.0323894	0.0267878
0.397	0.0227227	0.0323334	0.0267223
0.398	0.0226782	0.032279	0.0266593
0.399	0.0226314	0.0322267	0.0265959
0.4	0.0225825	0.0321738	0.0265314
0.401	0.0225319	0.0321074	0.0264613
0.402	0.0224997	0.0320706	0.0264145
0.403	0.0224462	0.0320103	0.0263424
0.404	0.0223954	0.0319507	0.0262771
0.405	0.0223597	0.031906	0.0262224
0.406	0.0223117	0.0318482	0.0261556
0.407	0.0222649	0.0317906	0.0260919
0.408	0.022229	0.0317443	0.0260353
0.409	0.0221747	0.0316885	0.0259674
0.41	0.0221339	0.0316268	0.0259001
0.411	0.0220906	0.0315686	0.0258326
0.412	0.0220464	0.031518	0.0257722
0.413	0.0220149	0.0314744	0.0257158
0.414	0.0219674	0.0314171	0.0256506
0.415	0.021931	0.0313671	0.025591
0.416	0.021883	0.0312976	0.0255193
0.417	0.0218492	0.0312597	0.0254664
0.418	0.0218043	0.0311921	0.0253923
0.419	0.02178	0.0311527	0.0253433
0.42	0.0217342	0.0310916	0.0252765
0.421	0.0216932	0.0310396	0.0252147
0.422	0.0216539	0.0309916	0.025157
0.423	0.0216078	0.0309293	0.0250828
0.424	0.0215688	0.0308726	0.0250189
0.425	0.0215192	0.0308137	0.0249538
0.426	0.0214841	0.030766	0.0248946
0.427	0.0214473	0.0307161	0.0248353
0.428	0.0214009	0.0306467	0.0247636
0.429	0.0213685	0.0306117	0.0247108
0.43	0.0213223	0.030551	0.0246449
0.431	0.0212867	0.0304988	0.0245817
0.432	0.0212483	0.0304491	0.0245249
0.433	0.0211958	0.030383	0.0244488
0.434	0.0211448	0.0303238	0.02438
0.435	0.0211131	0.0302792	0.0243273
0.436	0.0210763	0.0302288	0.0242654
0.437	0.021023	0.0301628	0.0241895
0.438	0.0209913	0.030121	0.0241398
0.439	0.0209497	0.030061	0.0240732
0.44	0.0208963	0.029997	0.0239991
0.441	0.0208532	0.0299486	0.0239357
0.442	0.0208121	0.0298935	0.0238702
0.443	0.0207691	0.0298399	0.0238081
0.444	0.0207267	0.0297815	0.0237396
0.445	0.0206712	0.0297165	0.0236667
0.446	0.0206316	0.0296712	0.0236076
0.447	0.0205932	0.0296151	0.0235472
0.448	0.0205462	0.0295588	0.0234811
0.449	0.0205019	0.0294956	0.0234074
0.45	0.0204588	0.0294456	0.0233437
0.451	0.0204127	0.0293903	0.0232784
0.452	0.0203749	0.0293413	0.0232191
0.453	0.0203353	0.0292835	0.0231567
0.454	0.0202744	0.0292176	0.0230773
0.455	0.0202281	0.0291581	0.0230067
0.456	0.0201865	0.0291055	0.0229436
0.457	0.0201543	0.0290565	0.0228859
0.458	0.020101	0.0289974	0.0228135
0.459	0.0200518	0.0289352	0.0227464
0.46	0.0199986	0.0288693	0.0226697
0.461	0.0199621	0.0288222	0.0226147
0.462	0.0199235	0.0287646	0.0225496
0.463	0.0198676	0.0287017	0.0224793
0.464	0.0198203	0.0286449	0.0224089
0.465	0.0197714	0.0285859	0.0223393
0.466	0.0197234	0.028526	0.022273
0.467	0.0196847	0.0284773	0.0222139
0.468	0.0196197	0.0284009	0.0221297
0.469	0.0195793	0.0283473	0.0220676
0.47	0.0195349	0.0282996	0.0220041
0.471	0.0194875	0.028233	0.0219355
0.472	0.0194382	0.0281706	0.0218701
0.473	0.0193942	0.0281073	0.0218029
0.474	0.0193584	0.0280556	0.0217422
0.475	0.0193062	0.0279989	0.0216734
0.476	0.0192621	0.0279403	0.0216106
0.477	0.0192054	0.0278713	0.0215318
0.478	0.0191737	0.0278189	0.0214761
0.479	0.0191213	0.0277483	0.021401
0.48	0.0190834	0.0276924	0.0213395
0.481	0.0190506	0.027638	0.0212829
0.482	0.0190065	0.0275808	0.021213
0.483	0.0189746	0.0275218	0.0211552
0.484	0.0189325	0.0274644	0.0210871
0.485	0.0188884	0.0274005	0.0210195
0.486	0.0188526	0.0273362	0.0209584
0.487	0.0188149	0.0272872	0.0208972
0.488	0.018773	0.0272257	0.0208296
0.489	0.018743	0.0271672	0.0207713
0.49	0.0187085	0.0271205	0.0207133
0.491	0.0186721	0.0270708	0.0206559
0.492	0.0186255	0.0269993	0.0205832
0.493	0.0185908	0.0269418	0.0205247
0.494	0.0185568	0.0268905	0.0204682
0.495	0.0185251	0.0268376	0.0204129
0.496	0.0184841	0.026779	0.0203478
0.497	0.0184518	0.0267267	0.0202923
0.498	0.0184146	0.0266705	0.0202353
0.499	0.0183677	0.0266049	0.0201656
0.5	0.0183478	0.0265718	0.0201228
0.501	0.0183027	0.0265126	0.0200607
0.502	0.0182682	0.0264565	0.0200019
0.503	0.0182379	0.0264076	0.0199497
0.504	0.0182061	0.0263577	0.0199032
0.505	0.0181717	0.026316	0.0198491
0.506	0.018139	0.0262661	0.0197977
0.507	0.0180925	0.0261957	0.0197333
0.508	0.0180649	0.0261607	0.0196911
0.509	0.018032	0.0261056	0.0196367
0.51	0.0179814	0.0260497	0.0195744
0.511	0.0179478	0.0260028	0.0195276
0.512	0.0179236	0.025961	0.019484
0.513	0.0178864	0.0259068	0.0194297
0.514	0.017853	0.0258662	0.019385
0.515	0.0178226	0.0258205	0.0193385
0.516	0.0177795	0.0257682	0.0192842
0.517	0.0177466	0.0257226	0.0192378
0.518	0.0177054	0.0256741	0.0191854
0.519	0.0176749	0.0256275	0.0191424
0.52	0.0176438	0.0255828	0.0190968
0.521	0.0175944	0.0255252	0.0190389
0.522	0.0175653	0.0254846	0.0190005
0.523	0.0175269	0.0254365	0.0189476
0.524	0.0174944	0.0253989	0.01891
0.525	0.0174583	0.0253513	0.0188591
0.526	0.0174192	0.0253045	0.0188092
0.527	0.0173769	0.0252558	0.0187635
0.528	0.0173368	0.0252015	0.0187075
0.529	0.0173182	0.0251792	0.0186815
0.53	0.017272	0.0251222	0.0186238
0.531	0.0172409	0.0250806	0.0185809
0.532	0.0172128	0.0250464	0.0185382
0.533	0.017169	0.025	0.018488
0.534	0.0171365	0.0249625	0.0184482
0.535	0.0170913	0.0249051	0.0183909
0.536	0.0170691	0.0248736	0.0183551
0.537	0.0170148	0.0248194	0.0182951
0.538	0.0169814	0.0247823	0.0182528
0.539	0.0169485	0.0247379	0.0182092
0.54	0.0169165	0.0246978	0.0181603
0.541	0.0168725	0.0246466	0.0181043
0.542	0.0168371	0.0246079	0.0180597
0.543	0.0168019	0.0245719	0.0180143
0.544	0.0167674	0.0245282	0.0179666
0.545	0.0167381	0.024488	0.0179198
0.546	0.0167138	0.024464	0.0178831
0.547	0.0166749	0.0244172	0.0178311
0.548	0.0166334	0.0243709	0.0177802
0.549	0.0166065	0.0243394	0.0177371
0.55	0.0165753	0.0242983	0.0176861
0.551	0.0165364	0.0242545	0.0176285
0.552	0.0165107	0.024223	0.0175857
0.553	0.0164884	0.0241993	0.0175524
0.554	0.0164448	0.0241487	0.0174963
0.555	0.0164166	0.0241154	0.0174478
0.556	0.0163847	0.0240743	0.0173976
0.557	0.0163471	0.024031	0.0173437
0.558	0.0163278	0.0240079	0.0173056
0.559	0.016296	0.023969	0.0172584
0.56	0.0162646	0.0239321	0.0172062
0.561	0.0162342	0.0238929	0.0171554
0.562	0.0162089	0.0238677	0.0171162
0.563	0.0161836	0.0238303	0.0170645
0.564	0.016148	0.0237913	0.0170127
0.565	0.0161224	0.0237545	0.0169683
0.566	0.0160979	0.023731	0.0169224
0.567	0.0160783	0.0237025	0.0168798
0.568	0.0160412	0.0236658	0.0168302
0.569	0.0160164	0.0236309	0.0167818
0.57	0.0159989	0.0236038	0.0167373
0.571	0.0159713	0.0235773	0.0166904
0.572	0.0159437	0.0235433	0.0166445
0.573	0.0159134	0.0235079	0.0165941
0.574	0.0158953	0.0234772	0.0165499
0.575	0.015868	0.0234412	0.0165009
0.576	0.0158483	0.0234263	0.0164645
0.577	0.0158203	0.0233833	0.0164089
0.578	0.0157912	0.0233497	0.0163608
0.579	0.0157635	0.0233116	0.0163084
0.58	0.0157483	0.0232979	0.0162701
0.581	0.0157217	0.0232657	0.0162241
0.582	0.0157055	0.0232478	0.0161906
0.583	0.0156792	0.0232088	0.0161332
0.584	0.0156659	0.0231864	0.0160938
0.585	0.0156252	0.023144	0.0160348
0.586	0.0156051	0.0231193	0.0159928
0.587	0.0155674	0.0230784	0.0159374
0.588	0.0155544	0.0230537	0.0158929
0.589	0.0155383	0.0230291	0.0158541
0.59	0.0155041	0.0229989	0.0158002
0.591	0.0154905	0.0229676	0.0157623
0.592	0.0154556	0.0229325	0.0157067
0.593	0.0154232	0.0228858	0.0156491
0.594	0.0154125	0.0228672	0.0156102
0.595	0.0153756	0.0228329	0.0155611
0.596	0.0153685	0.0228136	0.0155215
0.597	0.0153442	0.0227907	0.0154745
0.598	0.0153173	0.0227514	0.0154216
0.599	0.0152857	0.0227168	0.0153694
0.6	0.0152624	0.0226881	0.0153239
0.601	0.0152575	0.0226812	0.0153005
0.602	0.0152173	0.0226186	0.0152247
0.603	0.0151827	0.0225874	0.0151755
0.604	0.0151559	0.0225557	0.0151272
0.605	0.0151545	0.0225411	0.0150888
0.606	0.0151057	0.0224915	0.0150333
0.607	0.0150946	0.0224726	0.0149967
0.608	0.0150715	0.0224464	0.0149484
0.609	0.0150397	0.0224005	0.0148979
0.61	0.0150133	0.0223745	0.0148506
0.611	0.0150036	0.0223506	0.0148119
0.612	0.0149734	0.0223166	0.0147646
0.613	0.0149395	0.0222748	0.0147094
0.614	0.0149149	0.0222411	0.014664
0.615	0.0148892	0.022212	0.0146195
0.616	0.0148611	0.0221782	0.0145677
0.617	0.0148389	0.0221529	0.0145303
0.618	0.0148165	0.0221139	0.0144846
0.619	0.0147861	0.0220774	0.0144337
0.62	0.0147588	0.0220407	0.0143883
0.621	0.0147218	0.021999	0.0143363
0.622	0.014704	0.0219695	0.0142975
0.623	0.0146771	0.021935	0.0142474
0.624	0.0146478	0.0219011	0.0142022
0.625	0.0146191	0.0218682	0.0141589
0.626	0.0145882	0.0218211	0.01411
0.627	0.0145637	0.0217961	0.0140702
0.628	0.0145409	0.0217625	0.0140261
0.629	0.0145158	0.0217299	0.0139855
0.63	0.0144907	0.0216964	0.013941
0.631	0.0144536	0.0216532	0.013892
0.632	0.0144267	0.0216135	0.013844
0.633	0.0144002	0.0215777	0.0137997
0.634	0.0143762	0.0215445	0.013755
0.635	0.0143343	0.021503	0.0137058
0.636	0.0143203	0.0214838	0.0136769
0.637	0.014296	0.0214341	0.013623
0.638	0.0142628	0.0213953	0.0135681
0.639	0.0142476	0.0213715	0.0135446
0.64	0.0142089	0.0213257	0.0134871
0.641	0.0141843	0.0212925	0.0134447
0.642	0.0141532	0.0212484	0.0133959
0.643	0.0141259	0.0212132	0.0133452
0.644	0.0141057	0.0211808	0.0133089
0.645	0.0140628	0.0211224	0.0132432
0.646	0.0140403	0.0210905	0.0132056
0.647	0.01402	0.0210592	0.0131607
0.648	0.0139759	0.0210012	0.0130984
0.649	0.0139652	0.0209745	0.0130615
0.65	0.0139103	0.0209135	0.0129967
0.651	0.0139155	0.0208993	0.0129709
0.652	0.0138811	0.0208558	0.0129181
0.653	0.0138525	0.0208144	0.0128636
0.654	0.0138207	0.0207669	0.0128171
0.655	0.0137934	0.0207295	0.0127643
0.656	0.0137717	0.0206933	0.0127151
0.657	0.0137406	0.0206434	0.0126614
0.658	0.0137125	0.0205984	0.0126115
0.659	0.0136931	0.0205666	0.0125673
0.66	0.0136611	0.0205128	0.0125051
0.661	0.0136573	0.0205059	0.0124769
0.662	0.0136235	0.0204424	0.0124169
0.663	0.013591	0.0203971	0.0123571
0.664	0.0135624	0.0203506	0.0123043
0.665	0.0135442	0.0203237	0.0122625
0.666	0.0135125	0.0202769	0.0121997
0.667	0.0134847	0.0202291	0.0121456
0.668	0.0134704	0.0201884	0.0120968
0.669	0.0134251	0.0201343	0.0120285
0.67	0.0134223	0.0201109	0.0119889
0.671	0.01339	0.020064	0.0119306
0.672	0.0133616	0.020021	0.0118757
0.673	0.0133324	0.0199709	0.0118116
0.674	0.0133209	0.0199344	0.0117622
0.675	0.0132889	0.0198943	0.0117046
0.676	0.0132611	0.019846	0.0116452
0.677	0.013246	0.0198114	0.0115934
0.678	0.0132093	0.019755	0.0115239
0.679	0.0131875	0.0197198	0.0114725
0.68	0.0131728	0.0196892	0.0114238
0.681	0.0131493	0.0196449	0.0113634
0.682	0.0131207	0.0196035	0.0113009
0.683	0.0130993	0.0195691	0.0112455
0.684	0.0130759	0.0195219	0.011186
0.685	0.013056	0.0194811	0.0111276
0.686	0.0130233	0.0194282	0.0110579
0.687	0.0130063	0.0194033	0.0110127
0.688	0.0129808	0.0193592	0.0109494
0.689	0.0129603	0.0193212	0.0108897
0.69	0.0129383	0.0192854	0.0108337
0.691	0.0129086	0.0192461	0.0107739
0.692	0.0128846	0.0192075	0.0107184
0.693	0.0128685	0.0191788	0.0106728
0.694	0.0128345	0.0191224	0.0106012
0.695	0.0128169	0.0190859	0.0105503
0.696	0.0127852	0.019041	0.0104919
0.697	0.0127551	0.0190147	0.0104455
0.698	0.01275	0.0189799	0.0104022
0.699	0.0127164	0.018943	0.0103456
0.7	0.0126914	0.0188991	0.010293
0.701	0.0126653	0.0188698	0.0102447
0.702	0.012638	0.0188254	0.0101928
0.703	0.0126113	0.0187816	0.0101389
0.704	0.0125818	0.0187411	0.010086
0.705	0.0125737	0.0187228	0.0100492
0.706	0.0125507	0.0186892	0.00999874
0.707	0.0125198	0.0186516	0.00994704
0.708	0.0124897	0.0185983	0.00988656
0.709	0.0124634	0.0185679	0.00983847
0.71	0.0124403	0.0185353	0.00978843
0.711	0.0124073	0.0184824	0.00972458
0.712	0.0123835	0.0184602	0.00967944
0.713	0.0123627	0.0184172	0.00962683
0.714	0.0123441	0.0183911	0.00957871
0.715	0.0123098	0.0183479	0.00952173
0.716	0.0122702	0.0183084	0.00945818
0.717	0.0122628	0.0182841	0.0094204
0.718	0.012221	0.0182235	0.00934884
0.719	0.0121905	0.0181958	0.00929508
0.72	0.0121693	0.0181621	0.00924321
0.721	0.0121372	0.0181224	0.00918601
0.722	0.0121206	0.0180903	0.00913259
0.723	0.0120773	0.0180537	0.0090684
0.724	0.0120539	0.0180173	0.00901322
0.725	0.0120252	0.0179784	0.00895695
0.726	0.0119819	0.0179332	0.00888375
0.727	0.01196	0.0178945	0.00882722
0.728	0.0119365	0.0178746	0.00877692
0.729	0.0119067	0.0178442	0.00872281
0.73	0.0118574	0.017784	0.00863897
0.731	0.0118453	0.0177695	0.00860092
0.732	0.0118204	0.0177351	0.00853776
0.733	0.0117995	0.0177116	0.00848756
0.734	0.0117514	0.0176679	0.00841533
0.735	0.0117242	0.0176268	0.0083492
0.736	0.0116927	0.0175988	0.00829005
0.737	0.011652	0.0175547	0.0082175
0.738	0.011626	0.0175252	0.00815945
0.739	0.0115928	0.0174899	0.00809438
0.74	0.0115752	0.0174676	0.00804086
0.741	0.0115316	0.0174299	0.00796789
0.742	0.0114966	0.0173911	0.00789542
0.743	0.0114621	0.0173622	0.00783355
0.744	0.0114175	0.0173221	0.00775669
0.745	0.0114003	0.0172964	0.00769717
0.746	0.0113507	0.0172565	0.00762075
0.747	0.011331	0.0172417	0.00756864
0.748	0.0112951	0.0172019	0.00749451
0.749	0.0112497	0.017168	0.00741788
0.75	0.0112301	0.0171462	0.00736014
0.751	0.0111808	0.0171012	0.00727441
0.752	0.0111536	0.0170868	0.00721866
0.753	0.0111183	0.0170533	0.00714622
0.754	0.0110873	0.0170317	0.00708398
0.755	0.0110386	0.0169898	0.00700129
0.756	0.0110004	0.0169628	0.00692966
0.757	0.0109895	0.0169534	0.00687791
0.758	0.0109404	0.0169193	0.00679761
0.759	0.0108994	0.0168871	0.00672126
0.76	0.0108781	0.0168757	0.0066667
0.761	0.0108154	0.0168283	0.00657348
0.762	0.0107892	0.0168117	0.00651093
0.763	0.0107542	0.0167893	0.00644287
0.764	0.0107026	0.016751	0.00635752
0.765	0.0106801	0.0167407	0.00630134
0.766	0.0106404	0.0167173	0.00623254
0.767	0.0105973	0.0166902	0.00615796
0.768	0.0105509	0.0166606	0.00608223
0.769	0.0105164	0.0166406	0.00601633
0.77	0.0104652	0.016612	0.00594165
0.771	0.0104268	0.0165855	0.00587127
0.772	0.0103828	0.016561	0.00580436
0.773	0.0103534	0.016548	0.00574506
0.774	0.0103029	0.0165203	0.00567602
0.775	0.0102706	0.0165065	0.00561815
0.776	0.010214	0.0164706	0.00554143
0.777	0.0101818	0.0164556	0.00548623
0.778	0.0101458	0.0164385	0.00542804
0.779	0.0101271	0.0164407	0.00539603
0.78	0.0100528	0.0163908	0.00530881
0.781	0.0100148	0.0163682	0.00525001
0.782	0.0100091	0.0163824	0.00523311
0.783	0.00994044	0.0163381	0.00515927
0.784	0.00989843	0.0163172	0.00511437
0.785	0.00986313	0.0163023	0.00507548
0.786	0.00980988	0.0162701	0.00502369
0.787	0.00977885	0.0162605	0.00498882
0.788	0.00972383	0.0162292	0.00493973
0.789	0.00970439	0.0162235	0.00491567
0.79	0.00966295	0.0162047	0.0048823
0.791	0.00962807	0.01619	0.00485085
0.792	0.00956995	0.0161522	0.0048107
0.793	0.00954892	0.0161528	0.00480534
0.794	0.00949703	0.0161205	0.00477121
0.795	0.00946043	0.0161032	0.00474615
0.796	0.00942177	0.0160834	0.00472704
0.797	0.00938681	0.0160652	0.00471247
0.798	0.0093401	0.0160379	0.0046943
0.799	0.00933906	0.0160542	0.00470497
0.8	0.00925692	0.0159925	0.0046611
0.801	0.00921348	0.0159636	0.00464486
0.802	0.00918549	0.0159511	0.00463715
0.803	0.00916641	0.0159473	0.00463711
0.804	0.00914364	0.0159442	0.00464439
0.805	0.00907838	0.015888	0.00460808
0.806	0.00906363	0.015891	0.00461747
0.807	0.00899767	0.0158416	0.0046029
0.808	0.00898624	0.0158446	0.00460726
0.809	0.00893454	0.0158041	0.00458608
0.81	0.00890688	0.0157849	0.00458819
0.811	0.0088788	0.0157742	0.00459336
0.812	0.00884913	0.015754	0.00458656
0.813	0.00880655	0.0157238	0.00458398
0.814	0.00876806	0.0156967	0.00456865
0.815	0.0087382	0.0156772	0.00456391
0.816	0.00867925	0.0156248	0.00455466
0.817	0.00865312	0.015612	0.0045508
0.818	0.00862445	0.0155936	0.00455356
0.819	0.00861019	0.0155819	0.0045627
0.82	0.00859	0.0155711	0.0045636
0.821	0.00855536	0.0155423	0.00456801
0.822	0.00850853	0.0154994	0.00453897
0.823	0.00849111	0.0154839	0.00454858
0.824	0.00845708	0.0154534	0.00455053
0.825	0.00839619	0.0153953	0.0045177
0.826	0.0084072	0.0154089	0.00453882
0.827	0.0083771	0.0153783	0.00454247
0.828	0.00835662	0.015349	0.0045361
0.829	0.00831616	0.0153151	0.00453039
0.83	0.00830001	0.0152954	0.00452872
0.831	0.00827295	0.0152655	0.00453459
0.832	0.00824751	0.0152346	0.00452597
0.833	0.00823759	0.0152182	0.00451524
0.834	0.00820352	0.0151872	0.00451948
0.835	0.00816843	0.0151312	0.00449916
0.836	0.0081481	0.0151072	0.00450197
0.837	0.00813681	0.0150882	0.00451092
0.838	0.00810587	0.0150427	0.00449632
0.839	0.00811993	0.0150516	0.00452438
0.84	0.00807396	0.0149904	0.00448749
0.841	0.0080554	0.0149606	0.00449473
0.842	0.0080441	0.0149342	0.00448482
0.843	0.00802451	0.0149072	0.00448525
0.844	0.00800721	0.014866	0.00446849
0.845	0.00800671	0.0148548	0.00449261
0.846	0.00798713	0.0148236	0.00448601
0.847	0.00798724	0.0148037	0.00449609
0.848	0.00792242	0.0147279	0.00446258
0.849	0.00792199	0.0146873	0.00445344
0.85	0.00791965	0.014683	0.0044729
0.851	0.00789061	0.014639	0.00446407
0.852	0.00786182	0.0145838	0.00445109
0.853	0.00785926	0.0145631	0.00445376
0.854	0.00784696	0.0145293	0.00444926
0.855	0.0078591	0.0145138	0.00447467
0.856	0.00779489	0.0144388	0.00443968
0.857	0.0077964	0.0144156	0.00444101
0.858	0.00778298	0.0143719	0.00443728
0.859	0.00776596	0.0143232	0.00442709
0.86	0.00775092	0.014296	0.00442067
0.861	0.00772817	0.0142413	0.00442075
0.862	0.0077063	0.0142021	0.00441274
0.863	0.00769	0.0141552	0.00441199
0.864	0.00769961	0.0141374	0.00441854
0.865	0.00767601	0.0140937	0.00441071
0.866	0.00767035	0.0140536	0.0044176
0.867	0.00763397	0.0140066	0.0044105
0.868	0.00762604	0.0139689	0.004414
0.869	0.00757765	0.0138926	0.00438043
0.87	0.007535	0.0138323	0.00435814
0.871	0.00756166	0.0138245	0.0043922
0.872	0.0075353	0.0137654	0.00436548
0.873	0.00753703	0.0137355	0.00438762
0.874	0.00749322	0.0136739	0.00436204
0.875	0.00744197	0.0136084	0.00433284
0.876	0.00744562	0.0135616	0.00436224
0.877	0.00744801	0.0135456	0.00436607
0.878	0.00740106	0.0134722	0.00435029
0.879	0.00740245	0.0134311	0.00434253
0.88	0.00736548	0.013365	0.00431611
0.881	0.0073417	0.0133233	0.00433166
0.882	0.00729964	0.0132418	0.00430072
0.883	0.0072998	0.0132123	0.00430826
0.884	0.00728776	0.0131656	0.00430955
0.885	0.00725193	0.0130973	0.00431989
0.886	0.00723537	0.0130364	0.00429635
0.887	0.00723193	0.0130075	0.0043184
0.888	0.00718117	0.0129294	0.00428559
0.889	0.00714015	0.0128504	0.00425576
0.89	0.00711922	0.0128117	0.00425616
0.891	0.00711689	0.0127539	0.0042704
0.892	0.00709772	0.0127121	0.00426519
0.893	0.0070609	0.0126228	0.00426255
0.894	0.00701557	0.0125451	0.00423458
0.895	0.00697796	0.012489	0.00420529
0.896	0.00696664	0.0124454	0.00421766
0.897	0.0069087	0.0123576	0.00419948
0.898	0.00691935	0.0123156	0.00422462
0.899	0.00689185	0.0122476	0.00422194
0.9	0.0068595	0.0121791	0.00421071
0.901	0.00679705	0.0120765	0.00417418
0.902	0.00676613	0.0120175	0.00416185
0.903	0.00675617	0.0119816	0.00418667
0.904	0.00669486	0.0118609	0.004145
0.905	0.00668782	0.0118179	0.00414714
0.906	0.00663502	0.0117257	0.00414138
0.907	0.00662266	0.0116861	0.00416514
0.908	0.00656589	0.0115848	0.00413487
0.909	0.00654771	0.0115127	0.00412846
0.91	0.00653262	0.0114589	0.00410227
0.911	0.00649457	0.0113757	0.0041206
0.912	0.00645807	0.0112923	0.00411533
0.913	0.0064264	0.0112129	0.00409703
0.914	0.00638886	0.0111436	0.00408415
0.915	0.00634117	0.0110317	0.00409006
0.916	0.00629677	0.010961	0.00407891
0.917	0.00626089	0.0108871	0.0040669
0.918	0.00619315	0.0107701	0.00403446
0.919	0.0061826	0.010711	0.00403167
0.92	0.00620708	0.0106422	0.00409451
0.921	0.00608915	0.010492	0.00400537
0.922	0.00606659	0.0104331	0.00399022
0.923	0.00601209	0.0103185	0.00397509
0.924	0.00601552	0.0102334	0.00401074
0.925	0.00592359	0.0101064	0.00396516
0.926	0.00587386	0.0100154	0.00391865
0.927	0.0058851	0.00993721	0.00396922
0.928	0.00583203	0.00982276	0.00395462
0.929	0.00573406	0.00969269	0.00388309
0.93	0.00574338	0.00960428	0.00392377
0.931	0.0056631	0.00949471	0.00386622
0.932	0.00559675	0.00936116	0.00385824
0.933	0.00558339	0.00921907	0.0038917
0.934	0.00553874	0.00914711	0.00384763
0.935	0.00554248	0.00903927	0.00386987
0.936	0.00542298	0.00888177	0.00380148
0.937	0.00540012	0.00877752	0.00380841
0.938	0.00539554	0.00865986	0.00382982
0.939	0.00533252	0.00854721	0.00378712
0.94	0.00527607	0.00838029	0.00375456
0.941	0.0052932	0.00824824	0.00378683
0.942	0.00525623	0.00811959	0.00380313
0.943	0.00518402	0.00796384	0.00375073
0.944	0.00520409	0.00786121	0.00377281
0.945	0.00512595	0.0076545	0.00372538
0.946	0.00510994	0.00749581	0.00375122
0.947	0.00501818	0.00736775	0.00368495
0.948	0.00501422	0.0072026	0.00369011
0.949	0.00490807	0.00699422	0.00361872
0.95	0.00494169	0.00687224	0.00364531
0.951	0.00492038	0.00671956	0.0036697
0.952	0.00490188	0.0065494	0.00365147
0.953	0.00488228	0.00634739	0.00365471
0.954	0.0048542	0.00616043	0.00363942
0.955	0.00479966	0.00598771	0.00361127
0.956	0.00472131	0.0057949	0.00356787
0.957	0.00476047	0.00564082	0.00359879
0.958	0.00477064	0.00542803	0.00360254
0.959	0.00477599	0.00523525	0.00361152
0.96	0.00471155	0.00503608	0.00357388
0.961	0.00472269	0.0048555	0.00360652
0.962	0.00468999	0.0046338	0.00356163
0.963	0.00468863	0.00442446	0.00357839
0.964	0.00468129	0.00422649	0.00358264
0.965	0.0046127	0.00407333	0.00351337
0.966	0.00457693	0.00382716	0.00347601
0.967	0.0046036	0.00369379	0.00349565
0.968	0.00463166	0.00345714	0.00353905
0.969	0.00461062	0.00324789	0.00351248
0.97	0.00464463	0.00305557	0.00355561
0.971	0.00470891	0.00291035	0.00359897
0.972	0.00463618	0.00274682	0.00351928
0.973	0.00471463	0.00254861	0.00357355
0.974	0.00473928	0.00235563	0.00360932
0.975	0.00472719	0.00220431	0.00360603
0.976	0.00487865	0.00205357	0.00373858
0.977	0.00486268	0.00191734	0.00371072
0.978	0.0049053	0.00176429	0.00373588
0.979	0.00497179	0.00161503	0.00378164
0.98	0.00498137	0.00148638	0.00377983
0.981	0.00514689	0.00136835	0.00390149
0.982	0.00512277	0.00126891	0.00388033
0.983	0.00530434	0.00117972	0.00399539
0.984	0.00539814	0.00103926	0.00406944
0.985	0.00556301	0.000984332	0.00418718
0.986	0.00575557	0.000880896	0.00432957
0.987	0.00616797	0.000860402	0.00464204
0.988	0.00637594	0.000766651	0.00480347
0.989	0.00650604	0.00070209	0.00484909
0.99	0.00720884	0.000662247	0.00542377
0.991	0.0076041	0.000633007	0.00567231
0.992	0.00805358	0.000581347	0.00602212
0.993	0.00876587	0.000567373	0.00645533
0.994	0.0100454	0.000556171	0.0074607
0.995	0.0112106	0.000518075	0.00829172
0.996	0.0137142	0.000572689	0.0101215
0.997	0.0170672	0.000651299	0.0124851
0.998	0.0240307	0.000872361	0.017606
