L	opf	cc	jcc
0	0.0655175	0.0712419	0.0693492
0.001	0.0653823	0.0711118	0.0692171
0.002	0.0652457	0.0709788	0.0690829
0.003	0.0651097	0.070851	0.0689525
0.004	0.0649771	0.070723	0.068823
0.005	0.0648405	0.0705956	0.0686928
0.006	0.064709	0.0704707	0.0685656
0.007	0.0645673	0.0703329	0.068426
0.008	0.0644326	0.0702045	0.0682974
0.009	0.0642912	0.0700689	0.0681593
0.01	0.0641601	0.0699425	0.0680306
0.011	0.0640174	0.069805	0.0678914
0.012	0.0638802	0.0696769	0.0677606
0.013	0.0637462	0.0695443	0.0676279
0.014	0.0635988	0.0694045	0.0674856
0.015	0.0634703	0.069283	0.0673613
0.016	0.0633281	0.0691451	0.0672226
0.017	0.0631864	0.0690082	0.0670842
0.018	0.0630459	0.0688767	0.0669497
0.019	0.0629123	0.0687497	0.0668198
0.02	0.0627675	0.0686104	0.0666784
0.021	0.0626273	0.0684745	0.0665403
0.022	0.0624913	0.0683472	0.0664107
0.023	0.0623452	0.0682076	0.0662676
0.024	0.0622056	0.0680736	0.0661314
0.025	0.0620595	0.0679369	0.0659915
0.026	0.0619219	0.0678074	0.0658574
0.027	0.0617822	0.0676757	0.0657209
0.028	0.0616433	0.0675455	0.0655856
0.029	0.0614955	0.0674089	0.065443
0.03	0.0613534	0.067278	0.0653068
0.031	0.0612027	0.0671375	0.0651601
0.032	0.0610711	0.0670204	0.0650339
0.033	0.0609217	0.0668823	0.064889
0.034	0.0607822	0.0667566	0.0647541
0.035	0.0606385	0.0666284	0.0646157
0.036	0.0604968	0.0665036	0.0644795
0.037	0.0603467	0.06637	0.0643352
0.038	0.0601995	0.0662403	0.0641933
0.039	0.0600571	0.06612	0.0640609
0.04	0.059912	0.0659907	0.0639204
0.041	0.0597693	0.0658666	0.0637842
0.042	0.0596158	0.0657369	0.0636404
0.043	0.0594739	0.0656156	0.0635052
0.044	0.0593249	0.0654847	0.0633624
0.045	0.0591772	0.0653603	0.063226
0.046	0.0590286	0.0652309	0.0630841
0.047	0.0588819	0.0651067	0.0629469
0.048	0.0587331	0.0649779	0.0628046
0.049	0.0585922	0.0648597	0.0626711
0.05	0.0584399	0.0647316	0.0625302
0.051	0.0582885	0.0646016	0.0623881
0.052	0.0581372	0.0644736	0.0622465
0.053	0.0579877	0.0643451	0.0621058
0.054	0.0578364	0.0642143	0.0619629
0.055	0.0576871	0.064088	0.0618234
0.056	0.0575354	0.063961	0.0616826
0.057	0.0573868	0.0638352	0.061544
0.058	0.0572377	0.0637094	0.0614028
0.059	0.0570815	0.0635778	0.0612596
0.06	0.0569297	0.0634493	0.0611175
0.061	0.0567769	0.0633162	0.0609728
0.062	0.0566276	0.0631917	0.0608343
0.063	0.0564728	0.0630587	0.0606901
0.064	0.0563209	0.06293	0.0605461
0.065	0.0561675	0.0627993	0.0604025
0.066	0.0560066	0.0626615	0.0602513
0.067	0.0558626	0.0625378	0.0601164
0.068	0.0557071	0.0624084	0.0599725
0.069	0.0555558	0.0622787	0.0598298
0.07	0.0553976	0.0621412	0.0596819
0.071	0.0552434	0.0620092	0.0595364
0.072	0.0550837	0.06187	0.0593875
0.073	0.0549403	0.0617474	0.0592526
0.074	0.0547773	0.0616073	0.0591038
0.075	0.0546295	0.0614793	0.0589666
0.076	0.0544772	0.0613483	0.0588273
0.077	0.0543157	0.061206	0.0586774
0.078	0.0541666	0.0610791	0.0585405
0.079	0.0540071	0.0609377	0.0583951
0.08	0.0538644	0.0608135	0.0582635
0.081	0.0537041	0.0606705	0.0581167
0.082	0.0535505	0.0605374	0.057979
0.083	0.0534078	0.0604094	0.0578484
0.084	0.0532582	0.0602787	0.0577151
0.085	0.0530966	0.060135	0.0575701
0.086	0.0529352	0.0599896	0.0574232
0.087	0.0527847	0.0598554	0.0572867
0.088	0.052641	0.0597293	0.0571577
0.089	0.0524829	0.0595856	0.0570147
0.09	0.0523326	0.0594571	0.0568836
0.091	0.0521742	0.0593159	0.0567428
0.092	0.0520219	0.0591811	0.0566065
0.093	0.0518646	0.0590408	0.0564661
0.094	0.0517151	0.0589114	0.0563352
0.095	0.0515624	0.0587786	0.0561979
0.096	0.0514037	0.0586409	0.0560573
0.097	0.0512519	0.0585155	0.0559262
0.098	0.0510996	0.0583822	0.0557882
0.099	0.0509438	0.0582506	0.0556523
0.1	0.0507861	0.0581144	0.0555113
0.101	0.0506352	0.0579863	0.0553791
0.102	0.0504773	0.0578556	0.0552431
0.103	0.0503242	0.0577275	0.0551085
0.104	0.0501664	0.0575937	0.0549688
0.105	0.0500137	0.0574707	0.0548361
0.106	0.04986	0.0573442	0.0547022
0.107	0.0496964	0.0572107	0.0545589
0.108	0.0495475	0.0570922	0.0544317
0.109	0.0493871	0.0569555	0.0542895
0.11	0.0492294	0.0568284	0.0541538
0.111	0.0490734	0.0567026	0.0540209
0.112	0.0489238	0.0565822	0.0538937
0.113	0.0487625	0.0564513	0.0537566
0.114	0.0486098	0.0563263	0.0536248
0.115	0.04845	0.0561952	0.0534891
0.116	0.0482957	0.0560708	0.0533582
0.117	0.0481292	0.0559333	0.0532174
0.118	0.0479808	0.0558159	0.0530951
0.119	0.0478239	0.0556951	0.0529697
0.12	0.0476744	0.0555759	0.0528456
0.121	0.0475181	0.0554596	0.0527252
0.122	0.0473581	0.0553299	0.0525932
0.123	0.0472085	0.0552151	0.0524751
0.124	0.0470556	0.0550969	0.0523551
0.125	0.0468958	0.0549775	0.0522313
0.126	0.0467383	0.0548542	0.0521032
0.127	0.0465786	0.0547342	0.0519771
0.128	0.0464333	0.0546231	0.051859
0.129	0.0462733	0.0545036	0.0517334
0.13	0.0461265	0.0543952	0.0516176
0.131	0.0459702	0.0542749	0.0514902
0.132	0.0458193	0.0541587	0.0513661
0.133	0.0456644	0.0540407	0.0512388
0.134	0.0455087	0.0539264	0.0511159
0.135	0.0453574	0.0538112	0.0509933
0.136	0.045208	0.0537061	0.0508773
0.137	0.0450565	0.0535892	0.0507531
0.138	0.0449058	0.0534774	0.0506318
0.139	0.0447512	0.0533631	0.0505081
0.14	0.0445993	0.0532484	0.0503852
0.141	0.044448	0.053138	0.0502664
0.142	0.0442929	0.0530198	0.0501411
0.143	0.0441381	0.0529066	0.0500204
0.144	0.0439918	0.0527951	0.0499037
0.145	0.0438336	0.0526775	0.049781
0.146	0.0436818	0.0525654	0.0496656
0.147	0.0435235	0.0524486	0.0495463
0.148	0.0433779	0.052342	0.0494363
0.149	0.0432237	0.0522277	0.0493214
0.15	0.0430701	0.052116	0.0492052
0.151	0.0429221	0.0520064	0.0490946
0.152	0.0427663	0.0518871	0.0489735
0.153	0.0426118	0.0517706	0.0488547
0.154	0.042467	0.05166	0.0487428
0.155	0.0423262	0.0515536	0.0486344
0.156	0.0421662	0.0514279	0.0485076
0.157	0.0420254	0.0513189	0.0483973
0.158	0.041877	0.0512071	0.0482833
0.159	0.0417307	0.0510918	0.048167
0.16	0.0415788	0.0509719	0.0480447
0.161	0.0414395	0.05087	0.0479382
0.162	0.0412966	0.0507626	0.0478254
0.163	0.0411462	0.050651	0.0477079
0.164	0.0410075	0.0505464	0.0475968
0.165	0.040856	0.0504353	0.0474778
0.166	0.0407096	0.0503255	0.0473616
0.167	0.0405652	0.0502154	0.0472447
0.168	0.0404141	0.0500967	0.0471213
0.169	0.0402694	0.0499917	0.0470076
0.17	0.0401248	0.0498862	0.0468953
0.171	0.0399868	0.0497809	0.0467836
0.172	0.0398436	0.0496681	0.0466648
0.173	0.0396918	0.0495551	0.0465454
0.174	0.03956	0.0494513	0.0464361
0.175	0.0394084	0.0493364	0.0463159
0.176	0.03927	0.0492311	0.0462051
0.177	0.0391245	0.0491169	0.0460865
0.178	0.0389817	0.049009	0.0459708
0.179	0.0388398	0.0488929	0.0458538
0.18	0.0386979	0.0487825	0.0457404
0.181	0.0385596	0.0486818	0.0456347
0.182	0.0384115	0.0485563	0.0455083
0.183	0.0382721	0.0484465	0.0453968
0.184	0.0381389	0.0483392	0.0452915
0.185	0.0380079	0.0482314	0.0451829
0.186	0.0378647	0.0481157	0.0450676
0.187	0.0377293	0.0480032	0.0449536
0.188	0.0376039	0.0479021	0.0448525
0.189	0.0374647	0.0477828	0.0447328
0.19	0.0373395	0.0476777	0.0446252
0.191	0.0372057	0.0475664	0.0445101
0.192	0.0370777	0.0474607	0.0443973
0.193	0.0369537	0.0473604	0.0442917
0.194	0.036829	0.0472586	0.044181
0.195	0.0367039	0.0471557	0.0440694
0.196	0.0365798	0.0470526	0.043957
0.197	0.036457	0.0469526	0.0438488
0.198	0.0363361	0.0468565	0.0437414
0.199	0.0362064	0.0467508	0.0436268
0.2	0.0360845	0.0466499	0.0435201
0.201	0.0359658	0.0465563	0.0434165
0.202	0.03584	0.0464567	0.0433089
0.203	0.035719	0.0463625	0.0432071
0.204	0.0356016	0.0462614	0.0431023
0.205	0.0354768	0.046158	0.0429954
0.206	0.0353575	0.0460704	0.0428981
0.207	0.0352305	0.0459615	0.0427858
0.208	0.0351211	0.0458754	0.0426921
0.209	0.0349996	0.0457678	0.0425841
0.21	0.0348691	0.0456575	0.0424694
0.211	0.0347568	0.0455647	0.0423712
0.212	0.034642	0.0454648	0.0422676
0.213	0.0345205	0.0453704	0.0421687
0.214	0.0344022	0.0452613	0.0420572
0.215	0.0342907	0.0451692	0.0419616
0.216	0.0341733	0.0450621	0.0418531
0.217	0.0340562	0.0449565	0.041745
0.218	0.033954	0.0448637	0.0416498
0.219	0.0338501	0.0447685	0.0415517
0.22	0.0337351	0.044661	0.0414469
0.221	0.0336209	0.0445537	0.0413387
0.222	0.0335225	0.0444607	0.0412463
0.223	0.033406	0.0443563	0.0411412
0.224	0.033307	0.0442579	0.041045
0.225	0.0331964	0.0441538	0.0409431
0.226	0.0330911	0.044054	0.0408443
0.227	0.0329909	0.0439637	0.040754
0.228	0.0328825	0.04386	0.0406529
0.229	0.0327804	0.0437523	0.0405488
0.23	0.0326874	0.0436638	0.0404621
0.231	0.0325783	0.0435594	0.0403575
0.232	0.0324856	0.0434646	0.0402655
0.233	0.0323841	0.0433615	0.0401617
0.234	0.0322929	0.0432676	0.0400729
0.235	0.0321953	0.0431682	0.0399739
0.236	0.0321153	0.0430833	0.0398888
0.237	0.0320217	0.0429789	0.0397868
0.238	0.0319253	0.0428789	0.0396886
0.239	0.0318306	0.042773	0.0395863
0.24	0.0317304	0.0426684	0.0394838
0.241	0.0316563	0.0425902	0.0394065
0.242	0.0315637	0.0424902	0.0393082
0.243	0.0314786	0.0423979	0.0392182
0.244	0.0313817	0.042289	0.0391154
0.245	0.0312989	0.042196	0.0390252
0.246	0.0312243	0.0421147	0.0389489
0.247	0.0311289	0.0420151	0.0388544
0.248	0.0310411	0.0419137	0.0387592
0.249	0.0309536	0.0418153	0.0386695
0.25	0.0308677	0.0417297	0.0385905
0.251	0.0307713	0.0416221	0.0384924
0.252	0.0306915	0.0415479	0.0384218
0.253	0.0306091	0.0414513	0.0383321
0.254	0.0305135	0.0413511	0.0382435
0.255	0.0304272	0.0412593	0.0381585
0.256	0.0303489	0.0411872	0.0380887
0.257	0.0302602	0.0410965	0.0380036
0.258	0.0301728	0.0410135	0.037923
0.259	0.0300799	0.0409186	0.0378359
0.26	0.0299918	0.0408295	0.0377513
0.261	0.0299041	0.0407489	0.0376721
0.262	0.0298186	0.0406629	0.0375918
0.263	0.0297257	0.0405731	0.0375058
0.264	0.0296461	0.0404949	0.0374334
0.265	0.0295515	0.0404195	0.0373573
0.266	0.0294686	0.0403247	0.0372725
0.267	0.0293769	0.0402448	0.037198
0.268	0.0292887	0.0401627	0.0371193
0.269	0.0292064	0.040087	0.0370472
0.27	0.0291165	0.0399914	0.0369625
0.271	0.0290299	0.039911	0.0368882
0.272	0.0289468	0.0398376	0.0368189
0.273	0.0288558	0.0397482	0.0367388
0.274	0.0287708	0.03966	0.0366602
0.275	0.0286749	0.0395746	0.0365798
0.276	0.0286042	0.0395036	0.0365153
0.277	0.0285126	0.039417	0.0364398
0.278	0.0284243	0.039326	0.036354
0.279	0.0283492	0.0392485	0.0362877
0.28	0.0282652	0.0391729	0.036216
0.281	0.0281806	0.0390888	0.0361399
0.282	0.0281045	0.0390109	0.0360697
0.283	0.0280222	0.0389291	0.0359963
0.284	0.0279449	0.0388515	0.0359224
0.285	0.0278726	0.0387707	0.0358527
0.286	0.0277986	0.0386929	0.0357782
0.287	0.0277233	0.0386128	0.0357037
0.288	0.027663	0.0385617	0.0356544
0.289	0.027586	0.038473	0.0355699
0.29	0.0275185	0.0384037	0.0355019
0.291	0.0274547	0.0383307	0.0354337
0.292	0.0273833	0.0382624	0.0353645
0.293	0.0273281	0.0381939	0.0352973
0.294	0.0272686	0.038134	0.0352369
0.295	0.0272087	0.0380647	0.03517
0.296	0.0271408	0.0379903	0.0350954
0.297	0.0270877	0.0379338	0.0350349
0.298	0.027017	0.0378592	0.0349585
0.299	0.0269555	0.037793	0.0348895
0.3	0.026907	0.03773	0.0348268
0.301	0.0268554	0.0376734	0.0347666
0.302	0.0267985	0.0376113	0.0347
0.303	0.0267422	0.0375414	0.0346269
0.304	0.0266862	0.0374782	0.0345611
0.305	0.026643	0.0374271	0.0345068
0.306	0.0265832	0.0373577	0.0344314
0.307	0.0265256	0.0372991	0.0343689
0.308	0.0264753	0.0372289	0.0342974
0.309	0.0264191	0.0371575	0.0342214
0.31	0.026373	0.0371059	0.0341643
0.311	0.0263206	0.0370447	0.0340996
0.312	0.0262762	0.0369833	0.0340349
0.313	0.0262274	0.0369289	0.0339752
0.314	0.026165	0.0368526	0.0338969
0.315	0.0261206	0.0367943	0.0338353
0.316	0.0260752	0.0367386	0.0337764
0.317	0.0260371	0.0366871	0.0337221
0.318	0.0259812	0.0366077	0.033643
0.319	0.0259429	0.0365623	0.0335924
0.32	0.0258985	0.0364987	0.0335299
0.321	0.0258487	0.0364384	0.0334662
0.322	0.0258064	0.0363772	0.0334043
0.323	0.0257695	0.0363212	0.0333488
0.324	0.0257267	0.0362725	0.0333
0.325	0.0256862	0.0362127	0.0332401
0.326	0.0256418	0.0361428	0.0331745
0.327	0.025607	0.0360939	0.0331252
0.328	0.0255617	0.0360363	0.0330675
0.329	0.0255144	0.0359689	0.0330017
0.33	0.025475	0.0359172	0.0329515
0.331	0.0254398	0.035864	0.0329014
0.332	0.0253965	0.0357983	0.0328383
0.333	0.0253465	0.0357283	0.0327709
0.334	0.0253114	0.0356798	0.0327212
0.335	0.0252748	0.0356214	0.0326682
0.336	0.0252389	0.0355716	0.0326188
0.337	0.0252025	0.035507	0.0325567
0.338	0.0251606	0.035456	0.0325055
0.339	0.0251265	0.0353906	0.0324453
0.34	0.025085	0.035333	0.0323866
0.341	0.0250466	0.0352758	0.0323311
0.342	0.0250097	0.035219	0.0322772
0.343	0.0249639	0.0351622	0.0322185
0.344	0.024929	0.0351025	0.0321602
0.345	0.0248842	0.0350396	0.0320968
0.346	0.0248554	0.0349889	0.0320442
0.347	0.0248097	0.0349346	0.0319904
0.348	0.024763	0.0348646	0.0319217
0.349	0.0247302	0.0348165	0.03187
0.35	0.0246941	0.034762	0.0318138
0.351	0.0246642	0.0347095	0.0317611
0.352	0.024617	0.0346465	0.0316968
0.353	0.0245752	0.0345933	0.0316389
0.354	0.0245413	0.0345516	0.0315919
0.355	0.0245014	0.0344944	0.0315342
0.356	0.0244617	0.0344342	0.0314695
0.357	0.0244092	0.0343726	0.0314049
0.358	0.0243784	0.0343313	0.0313581
0.359	0.0243475	0.034292	0.0313146
0.36	0.0242972	0.0342268	0.0312465
0.361	0.0242669	0.0341833	0.0311978
0.362	0.0242257	0.0341316	0.0311414
0.363	0.0241789	0.0340763	0.0310821
0.364	0.0241295	0.0340183	0.0310194
0.365	0.0241025	0.0339744	0.0309717
0.366	0.0240619	0.0339263	0.0309182
0.367	0.0240116	0.033869	0.0308572
0.368	0.0239783	0.0338261	0.0308089
0.369	0.0239302	0.0337702	0.030747
0.37	0.0238915	0.0337242	0.0306961
0.371	0.023852	0.0336798	0.030646
0.372	0.0238077	0.0336225	0.0305849
0.373	0.0237623	0.0335663	0.0305256
0.374	0.0237202	0.0335192	0.0304727
0.375	0.0236811	0.0334699	0.0304173
0.376	0.0236353	0.0334195	0.0303621
0.377	0.0235992	0.0333675	0.030306
0.378	0.0235582	0.0333276	0.0302593
0.379	0.0235183	0.0332724	0.0302
0.38	0.0234711	0.0332234	0.0301448
0.381	0.0234232	0.0331671	0.0300833
0.382	0.0233798	0.0331121	0.0300235
0.383	0.0233363	0.0330616	0.0299673
0.384	0.0232948	0.0330093	0.0299113
0.385	0.0232565	0.0329597	0.0298571
0.386	0.0232074	0.0329051	0.0297956
0.387	0.0231656	0.0328572	0.0297414
0.388	0.0231252	0.0328043	0.0296838
0.389	0.0230813	0.0327527	0.0296272
0.39	0.0230311	0.0327001	0.0295684
0.391	0.0229882	0.0326386	0.0295031
0.392	0.0229429	0.0325934	0.0294504
0.393	0.0229091	0.0325499	0.0294011
0.394	0.0228547	0.0324896	0.0293344
0.395	0.0228034	0.0324317	0.0292707
0.396	0.0227584	0.0323755	0.0292096
0.397	0.0227201	0.0323309	0.0291581
0.398	0.0226775	0.032286	0.0291055
0.399	0.0226305	0.0322178	0.0290349
0.4	0.0225857	0.0321676	0.0289775
0.401	0.022539	0.0321105	0.0289123
0.402	0.0225017	0.032071	0.0288669
0.403	0.02245	0.0320046	0.028795
0.404	0.0224069	0.0319588	0.0287418
0.405	0.0223597	0.0319044	0.0286803
0.406	0.0223062	0.0318476	0.0286159
0.407	0.0222689	0.0317994	0.0285609
0.408	0.022222	0.0317429	0.0284972
0.409	0.0221769	0.0316912	0.0284385
0.41	0.022137	0.0316379	0.0283779
0.411	0.0220922	0.0315731	0.0283067
0.412	0.0220497	0.0315271	0.0282526
0.413	0.0220124	0.031471	0.0281903
0.414	0.0219729	0.031422	0.028133
0.415	0.0219271	0.0313578	0.028061
0.416	0.0218892	0.0313159	0.0280101
0.417	0.0218479	0.0312666	0.0279518
0.418	0.0218145	0.0312065	0.0278868
0.419	0.0217715	0.0311493	0.0278218
0.42	0.0217322	0.0310989	0.0277619
0.421	0.0216884	0.031038	0.0276951
0.422	0.0216494	0.0309851	0.0276342
0.423	0.0216094	0.0309295	0.0275714
0.424	0.021575	0.0308837	0.0275166
0.425	0.0215252	0.0308272	0.0274519
0.426	0.0214842	0.0307645	0.0273829
0.427	0.0214411	0.030707	0.0273177
0.428	0.0214132	0.0306645	0.0272679
0.429	0.0213682	0.030609	0.0272032
0.43	0.0213166	0.0305458	0.027133
0.431	0.0212898	0.0305017	0.0270815
0.432	0.021234	0.0304358	0.0270064
0.433	0.0212053	0.0303984	0.0269617
0.434	0.0211507	0.0303271	0.0268844
0.435	0.0211164	0.0302813	0.0268307
0.436	0.0210746	0.030231	0.0267724
0.437	0.0210312	0.0301703	0.0267068
0.438	0.0209852	0.0301071	0.0266383
0.439	0.0209467	0.0300558	0.0265798
0.44	0.0208966	0.0300074	0.0265208
0.441	0.0208601	0.0299521	0.0264612
0.442	0.0208136	0.0298924	0.026396
0.443	0.0207702	0.0298346	0.0263328
0.444	0.0207183	0.0297761	0.0262658
0.445	0.0206788	0.0297205	0.026207
0.446	0.0206366	0.0296691	0.026149
0.447	0.0205928	0.0296149	0.026089
0.448	0.0205417	0.029545	0.0260159
0.449	0.0205107	0.0295125	0.0259732
0.45	0.0204594	0.0294431	0.0259023
0.451	0.0204103	0.0293841	0.0258377
0.452	0.0203661	0.0293314	0.0257796
0.453	0.0203271	0.0292767	0.0257218
0.454	0.0202819	0.0292267	0.0256667
0.455	0.0202283	0.0291588	0.0255952
0.456	0.0201933	0.0291107	0.0255448
0.457	0.0201461	0.0290502	0.0254805
0.458	0.0200944	0.0289828	0.025411
0.459	0.0200515	0.0289328	0.0253582
0.46	0.0200136	0.028884	0.0253059
0.461	0.0199616	0.0288213	0.025241
0.462	0.0199119	0.0287603	0.0251756
0.463	0.0198647	0.0286994	0.0251133
0.464	0.0198213	0.0286541	0.0250662
0.465	0.0197783	0.0285909	0.0250024
0.466	0.0197193	0.0285206	0.024933
0.467	0.0196763	0.02847	0.0248774
0.468	0.0196327	0.0284158	0.0248221
0.469	0.0195843	0.0283474	0.0247557
0.47	0.0195336	0.0282905	0.0246954
0.471	0.0194965	0.0282392	0.0246458
0.472	0.0194448	0.0281733	0.02458
0.473	0.0194055	0.0281212	0.0245312
0.474	0.0193418	0.0280521	0.0244591
0.475	0.0193049	0.0279919	0.0244002
0.476	0.0192674	0.0279368	0.0243473
0.477	0.0192146	0.0278764	0.0242823
0.478	0.0191729	0.0278133	0.0242219
0.479	0.0191281	0.0277616	0.0241678
0.48	0.0190928	0.0277058	0.0241138
0.481	0.0190461	0.0276333	0.0240472
0.482	0.0190119	0.0275838	0.0239957
0.483	0.0189747	0.0275297	0.0239449
0.484	0.0189353	0.0274632	0.0238826
0.485	0.0188892	0.0273969	0.0238173
0.486	0.018852	0.0273404	0.0237636
0.487	0.018814	0.0272844	0.0237083
0.488	0.0187843	0.0272373	0.0236609
0.489	0.0187438	0.0271733	0.0236032
0.49	0.0187015	0.0271166	0.0235442
0.491	0.0186706	0.0270636	0.0234929
0.492	0.0186315	0.0270076	0.0234368
0.493	0.0185964	0.0269502	0.0233839
0.494	0.0185562	0.0268934	0.0233312
0.495	0.0185293	0.0268456	0.0232828
0.496	0.0184938	0.0267863	0.0232299
0.497	0.0184441	0.0267253	0.0231689
0.498	0.0184127	0.0266754	0.0231191
0.499	0.018379	0.0266196	0.0230696
0.5	0.0183398	0.0265647	0.0230135
0.501	0.0183033	0.0265204	0.0229691
0.502	0.0182716	0.0264638	0.0229196
0.503	0.0182299	0.026402	0.0228605
0.504	0.0181998	0.0263566	0.0228145
0.505	0.0181663	0.0263092	0.0227702
0.506	0.0181275	0.026251	0.0227113
0.507	0.0181006	0.0262153	0.0226768
0.508	0.0180678	0.026166	0.0226267
0.509	0.018036	0.0261189	0.0225834
0.51	0.0179982	0.026064	0.0225308
0.511	0.0179675	0.0260168	0.0224834
0.512	0.0179284	0.0259628	0.0224327
0.513	0.0178862	0.0259151	0.0223806
0.514	0.0178593	0.0258643	0.022334
0.515	0.0178241	0.0258191	0.0222882
0.516	0.0177747	0.0257641	0.0222318
0.517	0.0177464	0.0257216	0.0221906
0.518	0.0177173	0.0256789	0.0221428
0.519	0.0176756	0.0256225	0.0220878
0.52	0.0176415	0.0255847	0.0220472
0.521	0.0175994	0.0255286	0.0219888
0.522	0.0175703	0.0254914	0.0219465
0.523	0.0175354	0.0254467	0.0219001
0.524	0.0174934	0.025397	0.0218462
0.525	0.0174559	0.0253497	0.021797
0.526	0.0174166	0.0253056	0.0217475
0.527	0.0173786	0.0252484	0.0216891
0.528	0.0173507	0.0252108	0.0216488
0.529	0.0173073	0.025168	0.0215986
0.53	0.0172829	0.0251273	0.0215532
0.531	0.0172392	0.0250817	0.0215009
0.532	0.0171991	0.0250332	0.0214467
0.533	0.0171622	0.0249921	0.0213974
0.534	0.0171269	0.024948	0.0213464
0.535	0.0170964	0.0249117	0.0213033
0.536	0.0170523	0.0248624	0.0212461
0.537	0.0170223	0.0248229	0.0211972
0.538	0.0169888	0.0247863	0.0211529
0.539	0.0169505	0.0247431	0.0210976
0.54	0.0169081	0.0246868	0.0210379
0.541	0.0168679	0.0246449	0.0209812
0.542	0.016834	0.0246105	0.020936
0.543	0.0168028	0.0245642	0.0208844
0.544	0.0167736	0.0245307	0.0208383
0.545	0.0167443	0.0244955	0.0207908
0.546	0.0166969	0.0244454	0.02073
0.547	0.0166727	0.0244122	0.0206839
0.548	0.0166336	0.0243704	0.0206291
0.549	0.0166029	0.0243376	0.020584
0.55	0.0165786	0.0243043	0.0205368
0.551	0.0165444	0.0242632	0.0204862
0.552	0.0165022	0.0242184	0.0204279
0.553	0.0164717	0.0241821	0.0203748
0.554	0.0164393	0.0241456	0.0203268
0.555	0.0164069	0.0241108	0.0202778
0.556	0.0163862	0.024076	0.0202291
0.557	0.0163672	0.0240513	0.0201923
0.558	0.016328	0.0240097	0.0201334
0.559	0.0162883	0.0239625	0.0200727
0.56	0.0162536	0.0239251	0.0200203
0.561	0.0162327	0.0238986	0.0199806
0.562	0.0162132	0.0238678	0.0199374
0.563	0.0161888	0.023836	0.0198914
0.564	0.0161429	0.0237882	0.0198293
0.565	0.0161194	0.0237526	0.0197805
0.566	0.0160991	0.023733	0.0197451
0.567	0.0160771	0.0237023	0.0197013
0.568	0.0160378	0.023662	0.0196459
0.569	0.0160104	0.0236321	0.0196023
0.57	0.0159848	0.0235999	0.0195563
0.571	0.0159632	0.0235608	0.0195091
0.572	0.0159391	0.0235333	0.0194674
0.573	0.0159137	0.0235061	0.0194238
0.574	0.0158924	0.023477	0.0193825
0.575	0.0158622	0.0234398	0.0193341
0.576	0.0158509	0.0234212	0.0193027
0.577	0.0158156	0.023389	0.0192574
0.578	0.0157897	0.0233485	0.0192053
0.579	0.0157807	0.0233324	0.0191788
0.58	0.0157387	0.0232866	0.0191225
0.581	0.0157153	0.02326	0.0190828
0.582	0.0156993	0.0232336	0.0190478
0.583	0.0156742	0.023206	0.019008
0.584	0.0156442	0.0231714	0.0189613
0.585	0.0156319	0.0231463	0.0189281
0.586	0.0156003	0.0231092	0.0188814
0.587	0.0155793	0.0230815	0.0188462
0.588	0.0155528	0.0230498	0.0188035
0.589	0.0155338	0.023029	0.0187724
0.59	0.0155131	0.0230013	0.0187365
0.591	0.0154804	0.0229559	0.0186827
0.592	0.0154641	0.0229368	0.0186563
0.593	0.0154285	0.0228997	0.018612
0.594	0.0154165	0.0228772	0.0185821
0.595	0.0153899	0.022845	0.0185416
0.596	0.0153651	0.0228129	0.0185025
0.597	0.0153435	0.0227861	0.0184713
0.598	0.0153093	0.0227513	0.0184313
0.599	0.015291	0.0227241	0.0183987
0.6	0.0152651	0.0226924	0.018361
0.601	0.0152421	0.0226585	0.0183248
0.602	0.0152232	0.0226344	0.0182941
0.603	0.0151939	0.0226017	0.0182556
0.604	0.0151779	0.0225723	0.0182239
0.605	0.0151375	0.0225296	0.0181795
0.606	0.0151179	0.0225016	0.0181431
0.607	0.0150865	0.0224626	0.0181045
0.608	0.0150615	0.0224352	0.0180775
0.609	0.0150494	0.022407	0.0180471
0.61	0.0150149	0.0223735	0.018009
0.611	0.0149922	0.0223422	0.0179774
0.612	0.0149697	0.022314	0.0179477
0.613	0.0149418	0.0222746	0.0179099
0.614	0.0149196	0.0222503	0.017883
0.615	0.0149009	0.0222166	0.0178436
0.616	0.0148574	0.0221738	0.0178059
0.617	0.0148479	0.0221461	0.0177779
0.618	0.0148106	0.0221078	0.0177382
0.619	0.0147847	0.0220755	0.0177082
0.62	0.0147582	0.0220536	0.0176865
0.621	0.0147331	0.0220115	0.0176439
0.622	0.0146987	0.0219677	0.0176035
0.623	0.0146724	0.0219393	0.0175732
0.624	0.0146452	0.0219069	0.0175479
0.625	0.0146104	0.0218573	0.0175003
0.626	0.014586	0.0218287	0.017469
0.627	0.0145715	0.0218036	0.0174416
0.628	0.0145436	0.0217679	0.0174072
0.629	0.014524	0.021736	0.0173755
0.63	0.0144956	0.0216991	0.0173409
0.631	0.0144609	0.0216554	0.0173047
0.632	0.0144284	0.0216204	0.0172657
0.633	0.0144137	0.0215959	0.0172423
0.634	0.0143609	0.0215386	0.0171944
0.635	0.0143516	0.0215115	0.0171641
0.636	0.0143219	0.02147	0.0171236
0.637	0.0142898	0.0214347	0.0170923
0.638	0.0142643	0.0213977	0.0170566
0.639	0.0142455	0.0213683	0.0170266
0.64	0.0142124	0.0213263	0.0169856
0.641	0.0141711	0.0212743	0.0169424
0.642	0.0141638	0.0212449	0.0169107
0.643	0.0141229	0.0212125	0.0168803
0.644	0.0140872	0.0211635	0.0168346
0.645	0.0140806	0.0211407	0.0168089
0.646	0.0140472	0.0210908	0.0167657
0.647	0.0140214	0.0210591	0.0167366
0.648	0.0139904	0.0210165	0.0166932
0.649	0.0139672	0.020983	0.0166583
0.65	0.0139388	0.0209327	0.0166148
0.651	0.0139107	0.0208948	0.0165775
0.652	0.0138772	0.0208579	0.0165406
0.653	0.0138609	0.0208248	0.0165104
0.654	0.0138179	0.0207614	0.0164541
0.655	0.0138026	0.0207345	0.0164187
0.656	0.0137672	0.0206885	0.016378
0.657	0.0137411	0.0206436	0.0163342
0.658	0.0137258	0.0206166	0.0163071
0.659	0.0136937	0.0205676	0.0162595
0.66	0.0136711	0.0205225	0.0162172
0.661	0.0136501	0.0204929	0.0161922
0.662	0.0136076	0.0204353	0.0161389
0.663	0.0135815	0.0203895	0.0160879
0.664	0.0135661	0.020358	0.016057
0.665	0.0135368	0.0203129	0.0160114
0.666	0.0135194	0.0202839	0.0159818
0.667	0.0134879	0.0202377	0.0159357
0.668	0.0134745	0.0201958	0.0158967
0.669	0.0134434	0.0201555	0.0158559
0.67	0.0134055	0.0201012	0.0158034
0.671	0.0133932	0.0200673	0.0157672
0.672	0.0133564	0.0200107	0.0157107
0.673	0.0133379	0.01998	0.0156796
0.674	0.0133191	0.0199405	0.0156399
0.675	0.0132835	0.0198813	0.0155804
0.676	0.0132641	0.0198454	0.0155427
0.677	0.0132451	0.0198162	0.0155061
0.678	0.0132186	0.0197605	0.015455
0.679	0.0131892	0.0197211	0.0154098
0.68	0.0131651	0.0196817	0.0153665
0.681	0.0131453	0.0196365	0.0153224
0.682	0.0131238	0.0196015	0.0152812
0.683	0.013095	0.0195496	0.0152335
0.684	0.0130709	0.0195094	0.0151889
0.685	0.01306	0.0194942	0.0151639
0.686	0.0130337	0.0194401	0.0151113
0.687	0.013015	0.0194159	0.0150769
0.688	0.0129777	0.0193564	0.0150166
0.689	0.0129483	0.0193158	0.0149712
0.69	0.0129245	0.0192756	0.0149288
0.691	0.012909	0.0192403	0.0148918
0.692	0.0129005	0.0192154	0.0148604
0.693	0.0128559	0.0191641	0.0148043
0.694	0.0128383	0.0191309	0.0147706
0.695	0.0128013	0.0190818	0.0147147
0.696	0.0127832	0.0190523	0.0146812
0.697	0.0127659	0.0190111	0.0146408
0.698	0.012724	0.0189556	0.0145786
0.699	0.0127191	0.0189414	0.014563
0.7	0.012689	0.0189058	0.0145214
0.701	0.0126675	0.0188621	0.014477
0.702	0.0126518	0.0188348	0.0144435
0.703	0.0126069	0.0187706	0.0143848
0.704	0.0126036	0.0187701	0.014373
0.705	0.0125627	0.0187135	0.0143159
0.706	0.0125413	0.018676	0.0142773
0.707	0.012501	0.0186301	0.0142258
0.708	0.0124944	0.0186089	0.014202
0.709	0.0124637	0.0185649	0.0141518
0.71	0.0124309	0.0185221	0.0141109
0.711	0.0124107	0.0184831	0.0140768
0.712	0.0123717	0.0184344	0.0140238
0.713	0.0123667	0.0184274	0.0140096
0.714	0.0123264	0.0183808	0.0139581
0.715	0.0122984	0.0183409	0.0139127
0.716	0.012282	0.0183159	0.013888
0.717	0.0122577	0.0182759	0.013845
0.718	0.0122142	0.0182259	0.0137915
0.719	0.0121983	0.018197	0.0137581
0.72	0.0121669	0.0181609	0.0137154
0.721	0.012151	0.0181383	0.0136931
0.722	0.0121004	0.0180772	0.0136248
0.723	0.0120873	0.0180606	0.0136037
0.724	0.01205	0.0180085	0.0135472
0.725	0.0120242	0.0179773	0.0135086
0.726	0.0120065	0.017955	0.0134806
0.727	0.0119564	0.0179022	0.0134189
0.728	0.0119269	0.0178609	0.0133748
0.729	0.0119088	0.0178419	0.0133451
0.73	0.0118671	0.0177964	0.0132949
0.731	0.0118415	0.0177626	0.0132532
0.732	0.0118154	0.0177271	0.0132128
0.733	0.0117851	0.0177047	0.0131786
0.734	0.0117548	0.0176645	0.0131259
0.735	0.0117247	0.0176249	0.0130786
0.736	0.0116858	0.0175933	0.013035
0.737	0.0116713	0.0175671	0.0130002
0.738	0.0116173	0.0175206	0.012942
0.739	0.0115949	0.0174957	0.0129054
0.74	0.0115686	0.0174568	0.0128594
0.741	0.0115137	0.0174072	0.0127958
0.742	0.0114976	0.0173984	0.0127745
0.743	0.0114693	0.0173681	0.0127322
0.744	0.0114144	0.017314	0.0126643
0.745	0.0113833	0.0172858	0.0126239
0.746	0.0113537	0.0172567	0.0125816
0.747	0.0113366	0.017243	0.0125533
0.748	0.0113113	0.0172189	0.012517
0.749	0.0112591	0.0171737	0.0124578
0.75	0.0112266	0.0171433	0.0124117
0.751	0.0111835	0.0171104	0.0123646
0.752	0.0111732	0.0170967	0.0123358
0.753	0.0111145	0.0170479	0.0122708
0.754	0.0110834	0.0170238	0.0122335
0.755	0.0110425	0.0169965	0.0121898
0.756	0.0110036	0.0169611	0.01214
0.757	0.0109816	0.0169435	0.0121075
0.758	0.010937	0.0169143	0.0120576
0.759	0.0108909	0.0168805	0.0120105
0.76	0.0108747	0.0168771	0.0119879
0.761	0.0108414	0.0168508	0.0119465
0.762	0.0107836	0.0168001	0.0118801
0.763	0.0107301	0.0167646	0.011827
0.764	0.0106917	0.0167419	0.0117863
0.765	0.0106684	0.0167307	0.0117571
0.766	0.0106245	0.0167025	0.0117122
0.767	0.010591	0.0166863	0.011678
0.768	0.0105523	0.0166595	0.0116324
0.769	0.0105185	0.0166436	0.0115984
0.77	0.0104793	0.0166227	0.0115586
0.771	0.0104419	0.0165996	0.0115187
0.772	0.010398	0.016578	0.0114778
0.773	0.0103507	0.0165486	0.011429
0.774	0.0102918	0.0165106	0.0113705
0.775	0.0102631	0.0164962	0.0113379
0.776	0.0102107	0.0164663	0.0112859
0.777	0.0101842	0.0164552	0.0112548
0.778	0.0101548	0.0164468	0.011226
0.779	0.0101061	0.0164203	0.0111794
0.78	0.0100605	0.0163972	0.011134
0.781	0.0100216	0.0163779	0.0110927
0.782	0.00998563	0.0163609	0.0110527
0.783	0.00992694	0.016322	0.0109926
0.784	0.00989234	0.0163095	0.0109565
0.785	0.0098726	0.0163109	0.0109348
0.786	0.00983563	0.0162952	0.0108957
0.787	0.00978869	0.0162668	0.0108443
0.788	0.00974543	0.0162482	0.0108006
0.789	0.00969599	0.0162194	0.010748
0.79	0.00965452	0.0161969	0.0107001
0.791	0.00963039	0.0161919	0.010669
0.792	0.00958099	0.016164	0.0106155
0.793	0.00953678	0.0161442	0.010571
0.794	0.00949514	0.0161167	0.010517
0.795	0.0094751	0.0161142	0.010487
0.796	0.00941776	0.0160794	0.0104259
0.797	0.00938699	0.0160637	0.0103817
0.798	0.00935582	0.0160543	0.0103457
0.799	0.00931843	0.016034	0.0102973
0.8	0.00927264	0.0160066	0.0102411
0.801	0.00923939	0.0159876	0.0101937
0.802	0.00918688	0.0159522	0.0101293
0.803	0.00917534	0.0159545	0.010102
0.804	0.0091243	0.0159231	0.0100417
0.805	0.00910363	0.015914	0.0100021
0.806	0.00905534	0.0158809	0.00993949
0.807	0.00903632	0.0158733	0.00990052
0.808	0.00897366	0.0158249	0.00982239
0.809	0.00893743	0.0158081	0.00977363
0.81	0.00890805	0.0157892	0.00972287
0.811	0.00886683	0.015764	0.00966565
0.812	0.00883685	0.0157426	0.00961276
0.813	0.00880824	0.0157229	0.00955912
0.814	0.00876939	0.0156985	0.00950198
0.815	0.00874382	0.0156885	0.00945993
0.816	0.00870983	0.0156543	0.00939071
0.817	0.00869037	0.0156456	0.00934881
0.818	0.00862941	0.0155944	0.00926134
0.819	0.00861839	0.0155882	0.00922204
0.82	0.00857784	0.0155608	0.00915815
0.821	0.00855601	0.015538	0.00909931
0.822	0.00850846	0.01549	0.00901512
0.823	0.00850482	0.0154991	0.00898718
0.824	0.00847183	0.0154676	0.00891902
0.825	0.00844469	0.0154417	0.00885641
0.826	0.00840628	0.0154081	0.00878347
0.827	0.00837131	0.0153673	0.00870515
0.828	0.00834851	0.0153531	0.00865216
0.829	0.00831027	0.0153118	0.00857297
0.83	0.00830794	0.0153067	0.00852742
0.831	0.00828281	0.0152733	0.00845262
0.832	0.00825897	0.0152575	0.00839771
0.833	0.00823963	0.0152188	0.00831715
0.834	0.00821548	0.0151946	0.00825189
0.835	0.00819038	0.0151569	0.00817179
0.836	0.00816121	0.0151207	0.00809178
0.837	0.008142	0.0150897	0.00801856
0.838	0.00811502	0.0150633	0.00794745
0.839	0.00810763	0.0150366	0.00787791
0.84	0.0080591	0.0149779	0.00777389
0.841	0.00804736	0.0149553	0.00770668
0.842	0.00804464	0.0149415	0.00764562
0.843	0.00802011	0.0149038	0.00756186
0.844	0.00801233	0.0148677	0.00748028
0.845	0.00797321	0.0148236	0.00738613
0.846	0.00797844	0.0148102	0.0073249
0.847	0.00795464	0.0147751	0.00724077
0.848	0.00794937	0.0147407	0.00715615
0.849	0.00791351	0.0146977	0.00706235
0.85	0.00790117	0.0146578	0.00697392
0.851	0.00790343	0.0146503	0.00691413
0.852	0.00788068	0.0146053	0.00681706
0.853	0.00785824	0.0145638	0.00672131
0.854	0.0078511	0.0145313	0.00663589
0.855	0.00783293	0.0144835	0.00653457
0.856	0.00781463	0.0144409	0.00643712
0.857	0.00779794	0.0144107	0.00635234
0.858	0.00779755	0.0143877	0.00627411
0.859	0.00777881	0.0143464	0.00617427
0.86	0.00773421	0.0142751	0.006048
0.861	0.00773629	0.0142514	0.00596422
0.862	0.00771764	0.0142143	0.00586866
0.863	0.00771295	0.014189	0.00578688
0.864	0.00768993	0.0141344	0.00567346
0.865	0.00767685	0.0140982	0.0055775
0.866	0.00766116	0.0140589	0.00547977
0.867	0.00761591	0.0139853	0.00535126
0.868	0.00760988	0.0139509	0.00525666
0.869	0.00761211	0.0139177	0.00516664
0.87	0.00757588	0.0138593	0.00505164
0.871	0.00755526	0.0138227	0.00495749
0.872	0.00753859	0.0137841	0.00486314
0.873	0.00750783	0.0137144	0.00473734
0.874	0.00751084	0.013682	0.00465539
0.875	0.0074783	0.0136241	0.00455425
0.876	0.00746099	0.0135809	0.00446025
0.877	0.00743163	0.0135297	0.00436045
0.878	0.00744084	0.013513	0.0042983
0.879	0.00741416	0.0134494	0.00418734
0.88	0.00737217	0.0133775	0.00407537
0.881	0.00736462	0.0133369	0.00400592
0.882	0.00731128	0.0132489	0.00388454
0.883	0.00731854	0.0132238	0.00383682
0.884	0.00730301	0.0131643	0.00375958
0.885	0.00724036	0.0130962	0.00365615
0.886	0.00723175	0.0130435	0.00359415
0.887	0.00718964	0.0129665	0.003508
0.888	0.00717926	0.0129393	0.00346859
0.889	0.00715089	0.0128632	0.00338383
0.89	0.00715358	0.0128252	0.00335066
0.891	0.00713735	0.0127751	0.00330317
0.892	0.00708377	0.0126848	0.00322425
0.893	0.00705792	0.0126355	0.0031829
0.894	0.00703017	0.0125572	0.00311399
0.895	0.00699373	0.012518	0.00307134
0.896	0.00694665	0.012425	0.0030263
0.897	0.00692088	0.0123631	0.00299136
0.898	0.00692457	0.0123267	0.00296263
0.899	0.00686571	0.0122231	0.00290666
0.9	0.00684528	0.0121604	0.00288544
0.901	0.00682265	0.0120974	0.00284713
0.902	0.00679189	0.0120209	0.00282539
0.903	0.00674646	0.0119719	0.00278204
0.904	0.00667027	0.0118541	0.00270338
0.905	0.00666204	0.0118042	0.00272537
0.906	0.006651	0.0117293	0.00270476
0.907	0.0066159	0.0116777	0.00266363
0.908	0.0065935	0.0115922	0.0026556
0.909	0.00656204	0.011529	0.00263795
0.91	0.00649166	0.0114354	0.00258523
0.911	0.00650483	0.0113768	0.00259302
0.912	0.00644903	0.0112861	0.00255189
0.913	0.00645819	0.0112342	0.00257131
0.914	0.00636469	0.0111205	0.00249447
0.915	0.00632113	0.0110354	0.00248105
0.916	0.00628182	0.0109438	0.00244405
0.917	0.00629549	0.0108934	0.00246205
0.918	0.00619713	0.0107757	0.0023818
0.919	0.00617358	0.0106885	0.0023746
0.92	0.00609371	0.0105674	0.00234738
0.921	0.00612347	0.0105209	0.00235082
0.922	0.00606206	0.0104223	0.00231696
0.923	0.00602311	0.0103255	0.00229068
0.924	0.00592322	0.0101889	0.00222418
0.925	0.00592741	0.0101205	0.00222307
0.926	0.00583495	0.00999868	0.00217024
0.927	0.00587719	0.00994361	0.00221501
0.928	0.0058077	0.00982076	0.00216179
0.929	0.00576593	0.00970531	0.0021277
0.93	0.00574968	0.00963658	0.002147
0.931	0.00566156	0.00948524	0.00206547
0.932	0.00562553	0.00937003	0.00205305
0.933	0.00557205	0.00922768	0.00202362
0.934	0.00552687	0.00915329	0.00199261
0.935	0.00548453	0.00899944	0.00196637
0.936	0.00548227	0.00891081	0.00196938
0.937	0.00541711	0.00877514	0.00193703
0.938	0.00535751	0.00861593	0.00188336
0.939	0.0053073	0.00851159	0.00186915
0.94	0.0053211	0.00836353	0.00185575
0.941	0.00525917	0.0082633	0.00182646
0.942	0.00519346	0.00808923	0.00177348
0.943	0.00517998	0.00793685	0.00176437
0.944	0.00517576	0.00782161	0.00177377
0.945	0.00514939	0.007678	0.00175507
0.946	0.00508605	0.00753815	0.00170873
0.947	0.00511536	0.00737587	0.00173042
0.948	0.00500652	0.00722088	0.0016463
0.949	0.0049597	0.00706357	0.00161717
0.95	0.00500045	0.00688282	0.00163167
0.951	0.00493231	0.00667247	0.0015876
0.952	0.00486033	0.0064896	0.00155859
0.953	0.00487919	0.00634657	0.00154729
0.954	0.00486217	0.0061392	0.00153267
0.955	0.00475873	0.00596568	0.00147378
0.956	0.00479336	0.00579185	0.00147081
0.957	0.00478873	0.00558927	0.00144638
0.958	0.00475615	0.00540599	0.00142408
0.959	0.00472069	0.00525294	0.00138727
0.96	0.0046768	0.00501788	0.00134997
0.961	0.00471379	0.00485983	0.00136436
0.962	0.00473119	0.00466447	0.00136707
0.963	0.0046871	0.00444744	0.00131663
0.964	0.00470701	0.00425481	0.0013401
0.965	0.00463971	0.00404607	0.00127051
0.966	0.00467807	0.00386864	0.00129856
0.967	0.00466696	0.00366557	0.00124204
0.968	0.00460969	0.00345346	0.00118443
0.969	0.00463098	0.00324674	0.00120226
0.97	0.00463261	0.00309695	0.0011852
0.971	0.00466973	0.00286476	0.00117639
0.972	0.00473723	0.00274886	0.00119074
0.973	0.00471919	0.00257284	0.0011464
0.974	0.00468648	0.00237181	0.00109831
0.975	0.00478845	0.0021864	0.00112702
0.976	0.00479833	0.00206887	0.00111725
0.977	0.00483215	0.00192231	0.00112325
0.978	0.00497264	0.00175825	0.00112971
0.979	0.0049694	0.00159439	0.00113289
0.98	0.00508933	0.0015067	0.0010959
0.981	0.0051347	0.00137473	0.00109086
0.982	0.00525015	0.00128789	0.00111063
0.983	0.00530419	0.0012032	0.0010945
0.984	0.00539893	0.00107316	0.00104619
0.985	0.00571439	0.00100794	0.00113455
0.986	0.00567588	0.000925513	0.0010809
0.987	0.00616422	0.000811907	0.00115787
0.988	0.00626516	0.000756652	0.00118524
0.989	0.00658137	0.000734194	0.00119154
0.99	0.00698812	0.00069932	0.00125424
0.991	0.00745794	0.000640582	0.00132409
0.992	0.00793171	0.000566098	0.00131856
0.993	0.00884062	0.000590301	0.00152474
0.994	0.0102231	0.000627171	0.00174578
0.995	0.0115604	0.000545097	0.00185921
0.996	0.0135938	0.000589603	0.00212539
0.997	0.0174369	0.000644984	0.00262841
0.998	0.0251636	0.000823034	0.00384354
