L	opf	cc	jcc
0	0.0163595	0.023856	0.0193406
0.001	0.016336	0.0238299	0.0193107
0.002	0.0163082	0.0237977	0.0192771
0.003	0.0163049	0.023791	0.0192703
0.004	0.0162918	0.0237724	0.01925
0.005	0.0162477	0.0237355	0.0192093
0.006	0.0162447	0.0237249	0.0191989
0.007	0.0162146	0.0236936	0.0191619
0.008	0.0162114	0.0236857	0.0191546
0.009	0.0161792	0.0236543	0.0191201
0.01	0.016173	0.0236435	0.0191061
0.011	0.0161471	0.0236159	0.0190751
0.012	0.0161347	0.0236029	0.0190616
0.013	0.0161205	0.0235791	0.0190367
0.014	0.0160851	0.0235468	0.0190001
0.015	0.0160697	0.0235269	0.0189806
0.016	0.0160614	0.0235111	0.0189656
0.017	0.0160355	0.0234824	0.0189339
0.018	0.0160152	0.0234644	0.0189132
0.019	0.0160018	0.0234495	0.0188961
0.02	0.0159869	0.0234279	0.0188729
0.021	0.0159635	0.0233982	0.0188414
0.022	0.0159418	0.0233776	0.01882
0.023	0.0159339	0.0233642	0.0188019
0.024	0.0159106	0.0233431	0.018778
0.025	0.0158777	0.023306	0.0187409
0.026	0.0158612	0.0232915	0.0187201
0.027	0.0158503	0.0232756	0.0187003
0.028	0.0158517	0.0232686	0.0186966
0.029	0.0158127	0.0232345	0.0186562
0.03	0.0158151	0.0232279	0.0186507
0.031	0.0157702	0.0231843	0.0186034
0.032	0.0157719	0.0231809	0.018599
0.033	0.0157459	0.0231521	0.0185684
0.034	0.0157418	0.0231381	0.0185552
0.035	0.0157143	0.0231149	0.0185263
0.036	0.0157046	0.0231016	0.018511
0.037	0.015697	0.0230907	0.0184986
0.038	0.0156676	0.023058	0.0184602
0.039	0.0156511	0.0230429	0.0184434
0.04	0.0156339	0.0230169	0.0184179
0.041	0.0156309	0.0230081	0.0184075
0.042	0.015581	0.0229613	0.0183603
0.043	0.0155713	0.0229511	0.018344
0.044	0.015563	0.0229313	0.0183253
0.045	0.0155402	0.0229139	0.0183032
0.046	0.0155177	0.0228833	0.0182736
0.047	0.0155038	0.0228641	0.0182534
0.048	0.0154953	0.0228539	0.0182386
0.049	0.0154917	0.0228471	0.018226
0.05	0.0154495	0.0228087	0.0181859
0.051	0.0154488	0.0228013	0.0181762
0.052	0.0154268	0.0227714	0.0181465
0.053	0.0154095	0.0227539	0.0181262
0.054	0.0153938	0.0227336	0.0181045
0.055	0.0153741	0.0227104	0.0180781
0.056	0.0153592	0.022695	0.0180581
0.057	0.0153518	0.02268	0.0180472
0.058	0.0153317	0.022658	0.0180185
0.059	0.0153097	0.0226358	0.0179964
0.06	0.0152937	0.0226169	0.0179766
0.061	0.0152781	0.0225956	0.0179531
0.062	0.0152676	0.0225846	0.0179383
0.063	0.015238	0.0225509	0.0179049
0.064	0.0152395	0.0225473	0.0178959
0.065	0.0152002	0.0225062	0.0178529
0.066	0.0151814	0.0224852	0.0178296
0.067	0.0151832	0.0224795	0.0178222
0.068	0.0151567	0.022455	0.0177968
0.069	0.0151382	0.0224382	0.0177717
0.07	0.0151354	0.022423	0.0177605
0.071	0.0151043	0.0223919	0.0177251
0.072	0.0150847	0.0223635	0.017697
0.073	0.0150878	0.0223672	0.0176947
0.074	0.0150585	0.0223353	0.0176608
0.075	0.0150556	0.022328	0.0176535
0.076	0.0150353	0.0223041	0.0176284
0.077	0.0150117	0.0222772	0.017599
0.078	0.0149894	0.0222565	0.0175746
0.079	0.0149804	0.0222421	0.01756
0.08	0.014979	0.022235	0.0175499
0.081	0.0149451	0.0221979	0.0175099
0.082	0.0149344	0.0221874	0.0174986
0.083	0.0149188	0.0221676	0.0174748
0.084	0.0149125	0.0221543	0.0174561
0.085	0.0148869	0.0221294	0.017433
0.086	0.0148538	0.0220937	0.0173936
0.087	0.0148484	0.0220812	0.0173786
0.088	0.0148481	0.0220787	0.0173719
0.089	0.0148304	0.0220475	0.0173449
0.09	0.0148084	0.0220321	0.0173225
0.091	0.0147891	0.0220065	0.0172969
0.092	0.0147668	0.021989	0.0172729
0.093	0.0147562	0.0219666	0.0172529
0.094	0.0147512	0.0219624	0.0172443
0.095	0.0147272	0.0219296	0.0172102
0.096	0.014712	0.0219145	0.0171892
0.097	0.0147017	0.0218999	0.0171769
0.098	0.0146769	0.0218722	0.0171398
0.099	0.0146751	0.021865	0.0171346
0.1	0.014648	0.0218348	0.0171043
0.101	0.0146377	0.0218217	0.0170884
0.102	0.0146175	0.0217984	0.0170626
0.103	0.0146088	0.0217871	0.0170505
0.104	0.0145954	0.02177	0.017029
0.105	0.0145709	0.0217477	0.0170024
0.106	0.0145696	0.0217343	0.0169886
0.107	0.0145414	0.0217049	0.0169571
0.108	0.0145319	0.0216929	0.0169424
0.109	0.0145205	0.0216738	0.01692
0.11	0.0144938	0.0216461	0.0168928
0.111	0.0144846	0.0216353	0.0168775
0.112	0.0144762	0.0216182	0.0168616
0.113	0.0144428	0.0215901	0.016827
0.114	0.0144449	0.0215835	0.0168198
0.115	0.014431	0.0215675	0.0167984
0.116	0.0144078	0.0215394	0.0167681
0.117	0.0143772	0.0215066	0.0167365
0.118	0.0143833	0.0215082	0.0167319
0.119	0.0143665	0.0214865	0.0167132
0.12	0.0143542	0.0214713	0.0166931
0.121	0.0143295	0.0214474	0.016665
0.122	0.0143242	0.0214319	0.0166492
0.123	0.014308	0.0214153	0.0166276
0.124	0.0142983	0.0213963	0.0166079
0.125	0.0142888	0.021384	0.0165969
0.126	0.0142607	0.0213549	0.0165637
0.127	0.0142381	0.0213293	0.0165372
0.128	0.0142307	0.0213173	0.016521
0.129	0.0142061	0.0212921	0.0164918
0.13	0.0142031	0.0212832	0.0164833
0.131	0.0141829	0.021261	0.0164583
0.132	0.0141768	0.0212511	0.0164442
0.133	0.0141487	0.0212169	0.0164056
0.134	0.0141295	0.0211982	0.0163866
0.135	0.0141194	0.0211833	0.0163658
0.136	0.0141136	0.0211756	0.0163569
0.137	0.0140943	0.0211476	0.0163293
0.138	0.0140917	0.0211452	0.0163214
0.139	0.0140865	0.0211318	0.0163085
0.14	0.0140604	0.0211035	0.0162774
0.141	0.01404	0.0210836	0.0162544
0.142	0.0140248	0.0210582	0.0162266
0.143	0.0140062	0.0210393	0.0162071
0.144	0.0140072	0.0210351	0.0161986
0.145	0.0139953	0.0210187	0.0161782
0.146	0.0139754	0.0209961	0.0161529
0.147	0.0139562	0.0209728	0.0161313
0.148	0.0139402	0.0209549	0.0161102
0.149	0.0139273	0.0209369	0.0160878
0.15	0.0139145	0.0209254	0.0160719
0.151	0.0139001	0.0209058	0.0160523
0.152	0.0138847	0.020884	0.016029
0.153	0.0138605	0.0208621	0.0160022
0.154	0.0138616	0.0208552	0.0159904
0.155	0.0138494	0.0208367	0.0159723
0.156	0.0138284	0.0208106	0.015945
0.157	0.0138198	0.0207964	0.0159279
0.158	0.013813	0.020789	0.0159188
0.159	0.0137895	0.020761	0.0158887
0.16	0.013764	0.0207395	0.0158607
0.161	0.0137675	0.0207291	0.0158542
0.162	0.0137526	0.020715	0.0158336
0.163	0.0137421	0.0206989	0.0158133
0.164	0.0137342	0.0206876	0.0158016
0.165	0.0137001	0.0206556	0.0157619
0.166	0.0136918	0.0206372	0.0157476
0.167	0.0136659	0.020611	0.0157151
0.168	0.0136548	0.0205914	0.0156967
0.169	0.0136359	0.0205705	0.0156728
0.17	0.0136273	0.0205562	0.0156583
0.171	0.0136162	0.0205481	0.0156406
0.172	0.0136121	0.0205371	0.0156291
0.173	0.0135776	0.0205015	0.0155953
0.174	0.0135974	0.0205069	0.0155927
0.175	0.0135556	0.0204718	0.0155571
0.176	0.0135502	0.0204602	0.015542
0.177	0.0135351	0.0204432	0.0155248
0.178	0.0135187	0.0204265	0.0155001
0.179	0.0135134	0.0204111	0.0154877
0.18	0.0134952	0.0203899	0.0154633
0.181	0.0134884	0.0203844	0.0154522
0.182	0.0134629	0.0203459	0.0154128
0.183	0.0134447	0.020335	0.0153981
0.184	0.0134631	0.0203393	0.0154014
0.185	0.0134439	0.0203165	0.0153738
0.186	0.0134139	0.0202845	0.0153431
0.187	0.0134017	0.0202718	0.0153244
0.188	0.0134019	0.0202613	0.0153157
0.189	0.0133808	0.0202364	0.0152877
0.19	0.013365	0.0202194	0.0152661
0.191	0.0133509	0.0202028	0.0152473
0.192	0.0133406	0.0201913	0.0152261
0.193	0.0133285	0.020173	0.0152089
0.194	0.0133124	0.0201534	0.0151886
0.195	0.0132964	0.0201347	0.0151683
0.196	0.0132865	0.0201232	0.0151492
0.197	0.0132678	0.020094	0.0151227
0.198	0.0132568	0.0200826	0.0151059
0.199	0.0132374	0.0200646	0.015083
0.2	0.0132261	0.0200441	0.0150615
0.201	0.0132206	0.0200359	0.0150518
0.202	0.0131948	0.0200076	0.0150219
0.203	0.0131957	0.0200023	0.0150109
0.204	0.0131779	0.0199805	0.0149863
0.205	0.0131622	0.0199623	0.014965
0.206	0.0131604	0.0199561	0.0149571
0.207	0.0131301	0.0199242	0.0149223
0.208	0.013126	0.0199206	0.0149146
0.209	0.0131173	0.0199026	0.014897
0.21	0.0130917	0.0198711	0.0148634
0.211	0.0130779	0.0198624	0.0148485
0.212	0.0130747	0.0198497	0.0148326
0.213	0.0130524	0.0198215	0.0148061
0.214	0.0130498	0.0198115	0.014793
0.215	0.0130377	0.0198003	0.0147756
0.216	0.0130252	0.0197797	0.0147563
0.217	0.0130042	0.0197582	0.0147336
0.218	0.0129994	0.0197483	0.0147164
0.219	0.0129912	0.0197359	0.0147035
0.22	0.0129714	0.0197096	0.0146773
0.221	0.0129338	0.0196793	0.0146395
0.222	0.0129469	0.0196808	0.0146397
0.223	0.012924	0.0196523	0.0146119
0.224	0.0129206	0.0196502	0.0145992
0.225	0.0128911	0.0196186	0.0145712
0.226	0.0128824	0.0195985	0.0145467
0.227	0.0128891	0.0196039	0.0145506
0.228	0.0128613	0.0195783	0.0145179
0.229	0.012845	0.0195549	0.0144921
0.23	0.0128535	0.0195581	0.0144899
0.231	0.0128235	0.0195232	0.0144573
0.232	0.0128188	0.0195129	0.0144443
0.233	0.0127856	0.019483	0.0144095
0.234	0.0127943	0.0194791	0.014408
0.235	0.0127732	0.0194633	0.0143833
0.236	0.0127768	0.0194649	0.0143777
0.237	0.0127719	0.0194503	0.0143636
0.238	0.0127325	0.0194109	0.0143214
0.239	0.0127208	0.019391	0.0143005
0.24	0.0126804	0.0193497	0.0142587
0.241	0.0127019	0.0193624	0.0142673
0.242	0.0126902	0.0193517	0.0142503
0.243	0.0126742	0.0193337	0.014231
0.244	0.0126481	0.0193036	0.0141971
0.245	0.0126417	0.0192892	0.0141817
0.246	0.0126515	0.0192956	0.0141834
0.247	0.0126344	0.0192716	0.0141602
0.248	0.0126083	0.019249	0.014127
0.249	0.0125869	0.0192235	0.0141016
0.25	0.0125893	0.0192211	0.0140991
0.251	0.0125526	0.0191807	0.0140541
0.252	0.0125573	0.0191807	0.0140535
0.253	0.0125601	0.0191723	0.0140432
0.254	0.0125387	0.0191509	0.0140166
0.255	0.0125077	0.0191196	0.0139858
0.256	0.0125185	0.0191265	0.0139851
0.257	0.0124982	0.0191017	0.0139565
0.258	0.0124968	0.0190991	0.0139505
0.259	0.0124754	0.0190642	0.01392
0.26	0.0124444	0.0190387	0.0138866
0.261	0.0124354	0.0190226	0.0138691
0.262	0.0124346	0.019019	0.0138575
0.263	0.0124088	0.0189933	0.0138316
0.264	0.0123989	0.0189752	0.0138117
0.265	0.0123784	0.0189566	0.0137881
0.266	0.0123851	0.0189519	0.0137842
0.267	0.0123478	0.0189203	0.0137466
0.268	0.0123412	0.0189041	0.0137263
0.269	0.0123406	0.0188999	0.0137172
0.27	0.0123263	0.0188817	0.0137
0.271	0.0123171	0.0188653	0.0136849
0.272	0.0123138	0.0188638	0.0136732
0.273	0.0122944	0.0188377	0.0136516
0.274	0.0122636	0.0188067	0.013612
0.275	0.0122453	0.018787	0.013589
0.276	0.012253	0.0187869	0.0135882
0.277	0.0122419	0.0187686	0.0135714
0.278	0.0122157	0.0187444	0.0135402
0.279	0.0122063	0.0187324	0.0135221
0.28	0.0122045	0.0187281	0.0135145
0.281	0.0121775	0.0186964	0.0134841
0.282	0.0121759	0.0186938	0.0134702
0.283	0.012157	0.0186693	0.0134478
0.284	0.0121499	0.0186557	0.0134285
0.285	0.0121294	0.0186321	0.0134047
0.286	0.0121151	0.0186133	0.0133795
0.287	0.0120993	0.0185901	0.0133593
0.288	0.0121076	0.0185996	0.0133617
0.289	0.0120804	0.0185625	0.0133293
0.29	0.012066	0.0185475	0.0133061
0.291	0.0120476	0.0185284	0.0132839
0.292	0.0120343	0.0185147	0.0132626
0.293	0.0120468	0.0185221	0.0132635
0.294	0.012042	0.018513	0.0132575
0.295	0.0120271	0.0184862	0.0132284
0.296	0.0120001	0.0184634	0.0132009
0.297	0.0119963	0.0184583	0.0131901
0.298	0.0119763	0.0184312	0.0131619
0.299	0.0119408	0.0183927	0.0131212
0.3	0.0119555	0.0183968	0.0131237
0.301	0.0119477	0.0183911	0.0131114
0.302	0.0119443	0.0183802	0.0130993
0.303	0.0119161	0.0183547	0.0130683
0.304	0.0119067	0.0183412	0.0130489
0.305	0.0119221	0.0183492	0.0130565
0.306	0.0118853	0.0183099	0.0130161
0.307	0.0118623	0.0182856	0.0129881
0.308	0.0118512	0.0182681	0.0129718
0.309	0.0118224	0.0182365	0.0129336
0.31	0.0118217	0.0182376	0.0129277
0.311	0.0118211	0.0182257	0.0129172
0.312	0.0118207	0.0182222	0.0129079
0.313	0.0117974	0.0181996	0.0128838
0.314	0.0117691	0.018163	0.0128455
0.315	0.0117538	0.0181456	0.0128234
0.316	0.0117481	0.018144	0.0128148
0.317	0.0117518	0.0181366	0.0128077
0.318	0.0117158	0.0181003	0.0127665
0.319	0.0117247	0.0181012	0.0127633
0.32	0.0117211	0.0180895	0.0127542
0.321	0.0116724	0.0180465	0.0127027
0.322	0.011664	0.018039	0.0126877
0.323	0.0116552	0.0180241	0.0126741
0.324	0.0116588	0.0180184	0.0126691
0.325	0.0116519	0.0180065	0.0126509
0.326	0.0116236	0.0179777	0.012622
0.327	0.0116362	0.017986	0.0126245
0.328	0.0116126	0.0179565	0.0125897
0.329	0.0115876	0.0179286	0.0125598
0.33	0.0115796	0.0179218	0.0125477
0.331	0.0115891	0.0179183	0.0125478
0.332	0.0115632	0.0178926	0.0125143
0.333	0.0115303	0.0178594	0.0124789
0.334	0.0115298	0.0178564	0.0124707
0.335	0.0115267	0.0178441	0.0124588
0.336	0.0115298	0.0178439	0.0124544
0.337	0.0115125	0.0178256	0.0124316
0.338	0.0114892	0.0177989	0.0123989
0.339	0.0114936	0.0177929	0.0123943
0.34	0.0114687	0.0177762	0.0123652
0.341	0.0114582	0.0177603	0.0123491
0.342	0.0114535	0.0177474	0.0123348
0.343	0.0114366	0.0177274	0.0123161
0.344	0.0114174	0.0177047	0.0122893
0.345	0.0113984	0.0176868	0.0122657
0.346	0.0113972	0.0176824	0.0122528
0.347	0.0113764	0.0176573	0.0122285
0.348	0.0113547	0.017629	0.0121979
0.349	0.0113574	0.0176316	0.0121926
0.35	0.0113461	0.0176142	0.0121775
0.351	0.0113494	0.0176143	0.0121719
0.352	0.0113253	0.0175792	0.0121409
0.353	0.0113123	0.0175658	0.0121199
0.354	0.011294	0.0175514	0.0120966
0.355	0.0113041	0.0175496	0.0120981
0.356	0.0112678	0.0175117	0.012054
0.357	0.0112382	0.0174805	0.0120195
0.358	0.0112308	0.0174781	0.0120066
0.359	0.0112602	0.0174921	0.0120226
0.36	0.0112288	0.0174561	0.0119885
0.361	0.0112327	0.0174583	0.0119822
0.362	0.0112184	0.0174425	0.0119604
0.363	0.0112005	0.017412	0.0119332
0.364	0.0111706	0.0173877	0.0119018
0.365	0.0111723	0.0173858	0.0118927
0.366	0.0111679	0.0173735	0.0118812
0.367	0.0111351	0.0173381	0.0118477
0.368	0.0111516	0.0173468	0.0118497
0.369	0.0111109	0.0173123	0.0118085
0.37	0.0111088	0.0172997	0.0117961
0.371	0.0110916	0.017281	0.0117727
0.372	0.0110853	0.0172721	0.01176
0.373	0.0110802	0.0172579	0.0117478
0.374	0.0110602	0.0172369	0.0117191
0.375	0.01105	0.0172282	0.0117013
0.376	0.0110404	0.0172073	0.011684
0.377	0.0110404	0.017201	0.0116713
0.378	0.011013	0.0171827	0.0116488
0.379	0.0110063	0.0171682	0.0116296
0.38	0.0109899	0.017149	0.0116115
0.381	0.0109645	0.0171257	0.0115793
0.382	0.0109403	0.0171004	0.011549
0.383	0.0109353	0.0170881	0.0115355
0.384	0.0109408	0.0170805	0.0115284
0.385	0.0109426	0.0170845	0.0115267
0.386	0.0109017	0.0170464	0.0114821
0.387	0.0109009	0.0170417	0.0114702
0.388	0.0109001	0.0170309	0.0114566
0.389	0.0109032	0.017024	0.0114517
0.39	0.0108567	0.0169829	0.0114066
0.391	0.0108537	0.016975	0.0113904
0.392	0.0108408	0.0169605	0.0113771
0.393	0.0108598	0.0169695	0.0113797
0.394	0.0108262	0.0169363	0.0113465
0.395	0.0107923	0.0169018	0.0113051
0.396	0.0107972	0.0168954	0.0113027
0.397	0.0107896	0.016889	0.0112895
0.398	0.0107778	0.0168743	0.0112665
0.399	0.0107759	0.0168657	0.011257
0.4	0.010755	0.0168389	0.0112298
0.401	0.0107447	0.0168327	0.0112102
0.402	0.0107587	0.0168382	0.0112155
0.403	0.0107186	0.0168011	0.0111747
0.404	0.0107194	0.0167939	0.0111641
0.405	0.010705	0.0167753	0.011142
0.406	0.0106714	0.0167374	0.0111043
0.407	0.01068	0.0167366	0.0111002
0.408	0.0106689	0.0167247	0.0110831
0.409	0.0106502	0.0167046	0.0110599
0.41	0.0106442	0.0166951	0.0110482
0.411	0.0106115	0.0166661	0.011009
0.412	0.0106031	0.016653	0.0109985
0.413	0.0106238	0.0166556	0.0109988
0.414	0.0106	0.0166373	0.0109746
0.415	0.0105789	0.0166154	0.0109451
0.416	0.0105787	0.0166088	0.0109351
0.417	0.0105607	0.0165893	0.0109122
0.418	0.0105601	0.0165794	0.0109018
0.419	0.0105451	0.0165654	0.0108837
0.42	0.0105276	0.0165482	0.0108558
0.421	0.0105094	0.0165186	0.0108355
0.422	0.0105119	0.0165216	0.0108283
0.423	0.0104928	0.0164994	0.0108002
0.424	0.0104858	0.0164913	0.0107834
0.425	0.0104609	0.0164613	0.01076
0.426	0.0104535	0.0164464	0.0107389
0.427	0.0104384	0.0164266	0.0107209
0.428	0.0104506	0.0164304	0.0107186
0.429	0.0104223	0.0164117	0.0106897
0.43	0.0104086	0.0163858	0.0106624
0.431	0.0104242	0.0163984	0.0106707
0.432	0.0103678	0.0163508	0.010613
0.433	0.010387	0.0163614	0.010622
0.434	0.0103565	0.0163233	0.010584
0.435	0.0103584	0.016323	0.0105777
0.436	0.0103575	0.0163136	0.0105665
0.437	0.0103303	0.0162843	0.0105361
0.438	0.0103191	0.0162646	0.010513
0.439	0.0103248	0.0162625	0.0105076
0.44	0.0102868	0.0162348	0.0104718
0.441	0.0102911	0.0162326	0.0104655
0.442	0.0102613	0.0162081	0.0104355
0.443	0.0102694	0.0161958	0.010426
0.444	0.0102348	0.016174	0.0103912
0.445	0.0102343	0.0161579	0.0103792
0.446	0.0102159	0.0161463	0.0103586
0.447	0.0102088	0.0161394	0.0103431
0.448	0.0101918	0.0161074	0.0103183
0.449	0.0102006	0.016122	0.0103198
0.45	0.0101752	0.0160844	0.010283
0.451	0.0101528	0.0160651	0.0102566
0.452	0.0101478	0.0160595	0.0102475
0.453	0.010145	0.0160467	0.0102293
0.454	0.0101311	0.0160273	0.0102123
0.455	0.0101052	0.0160013	0.0101781
0.456	0.0101266	0.0160152	0.0101853
0.457	0.0100966	0.0159888	0.0101556
0.458	0.0100846	0.0159732	0.0101339
0.459	0.0100686	0.0159487	0.0101133
0.46	0.0100849	0.0159583	0.0101155
0.461	0.0100643	0.0159307	0.0100866
0.462	0.0100368	0.0159055	0.0100539
0.463	0.0100295	0.0158935	0.010037
0.464	0.0100468	0.0158938	0.0100435
0.465	0.0100285	0.0158801	0.0100215
0.466	0.00998043	0.0158283	0.00997201
0.467	0.0099815	0.0158229	0.0099579
0.468	0.0099834	0.015824	0.0099528
0.469	0.00997341	0.0158119	0.00993609
0.47	0.00994682	0.0157859	0.00990179
0.471	0.00996588	0.0157901	0.0099059
0.472	0.00993756	0.0157638	0.00987633
0.473	0.00993105	0.0157564	0.0098619
0.474	0.00989077	0.0157189	0.00982138
0.475	0.00988833	0.0157085	0.00980744
0.476	0.00990369	0.0157136	0.00981039
0.477	0.00986253	0.0156833	0.00976825
0.478	0.00987157	0.0156758	0.00975762
0.479	0.009839	0.0156452	0.00972585
0.48	0.00984382	0.0156467	0.00972217
0.481	0.00982286	0.0156217	0.00969336
0.482	0.00981038	0.0156081	0.0096773
0.483	0.00981598	0.0156002	0.00967105
0.484	0.00979092	0.0155804	0.00964116
0.485	0.00977834	0.0155625	0.00961854
0.486	0.00976741	0.0155484	0.0096007
0.487	0.00975944	0.0155356	0.00958702
0.488	0.00976365	0.0155309	0.00957667
0.489	0.00974275	0.0155044	0.00954705
0.49	0.00972968	0.0154899	0.0095339
0.491	0.00971291	0.0154746	0.00950528
0.492	0.00971264	0.0154592	0.00949338
0.493	0.00969723	0.0154516	0.00947503
0.494	0.00968114	0.0154241	0.00945003
0.495	0.00968634	0.0154341	0.00944732
0.496	0.00966731	0.0154077	0.0094187
0.497	0.009635	0.0153674	0.00937872
0.498	0.00963332	0.0153671	0.00937252
0.499	0.00962144	0.0153497	0.00935402
0.5	0.00961575	0.0153372	0.00933846
0.501	0.00959988	0.0153203	0.00931433
0.502	0.00958647	0.0153003	0.00929482
0.503	0.0095639	0.0152708	0.00926008
0.504	0.00956576	0.0152754	0.00925385
0.505	0.00956145	0.0152585	0.00923711
0.506	0.00952413	0.0152328	0.00919762
0.507	0.00952573	0.0152329	0.00919476
0.508	0.00953038	0.0152189	0.00918764
0.509	0.0095392	0.0152257	0.00917789
0.51	0.00950045	0.0151863	0.00913401
0.511	0.00951101	0.0151847	0.00913573
0.512	0.00950837	0.0151736	0.00912073
0.513	0.00946302	0.0151368	0.00907853
0.514	0.00945456	0.0151369	0.00906585
0.515	0.0094675	0.0151252	0.00905716
0.516	0.00939889	0.015071	0.00899581
0.517	0.00941245	0.0150751	0.00899947
0.518	0.00943031	0.0150788	0.00899524
0.519	0.00938725	0.0150397	0.00895661
0.52	0.00939961	0.0150397	0.008949
0.521	0.00937273	0.0150106	0.00892083
0.522	0.00936722	0.0150075	0.00890616
0.523	0.00936089	0.0149973	0.00889548
0.524	0.00933749	0.0149663	0.00886147
0.525	0.00933524	0.0149493	0.00884727
0.526	0.00931149	0.0149382	0.00882308
0.527	0.00927306	0.0149047	0.00878079
0.528	0.00929935	0.0149165	0.00878619
0.529	0.00928267	0.0148878	0.00876194
0.53	0.00927553	0.014888	0.00874627
0.531	0.00926306	0.014866	0.00872622
0.532	0.00922564	0.0148354	0.00868548
0.533	0.00922034	0.0148225	0.00867562
0.534	0.00923187	0.0148092	0.00866557
0.535	0.00921285	0.0148019	0.00864676
0.536	0.00918393	0.0147748	0.00860997
0.537	0.00918672	0.0147661	0.00860422
0.538	0.00919522	0.0147545	0.00859635
0.539	0.00916842	0.014738	0.00856754
0.54	0.00915638	0.0147152	0.00854141
0.541	0.00911736	0.0146849	0.00850283
0.542	0.00910441	0.0146725	0.00848502
0.543	0.00912067	0.0146704	0.00848111
0.544	0.00910011	0.0146549	0.00846491
0.545	0.00911843	0.014664	0.00845726
0.546	0.00908342	0.01462	0.00842498
0.547	0.00906894	0.0146083	0.00839725
0.548	0.00905309	0.0145853	0.00837498
0.549	0.0090604	0.0145832	0.00837225
0.55	0.00905018	0.0145791	0.00835526
0.551	0.00904277	0.0145656	0.00834
0.552	0.0090009	0.0145199	0.00829086
0.553	0.00899596	0.014516	0.00827664
0.554	0.00898549	0.0144924	0.00825843
0.555	0.00896848	0.0144695	0.00823198
0.556	0.00897369	0.0144721	0.00822676
0.557	0.00899605	0.014481	0.00822828
0.558	0.0089587	0.0144496	0.00819201
0.559	0.00892728	0.0144177	0.00815681
0.56	0.0089135	0.0143925	0.00813478
0.561	0.00891843	0.014395	0.00812067
0.562	0.00891327	0.0143897	0.00811189
0.563	0.00891584	0.0143771	0.00809714
0.564	0.00887449	0.0143319	0.00805031
0.565	0.00884801	0.0143167	0.00802545
0.566	0.00886738	0.0143197	0.00802871
0.567	0.00888022	0.0143217	0.00802451
0.568	0.00880788	0.0142635	0.00796014
0.569	0.00879316	0.0142475	0.00793309
0.57	0.00880023	0.0142387	0.00792818
0.571	0.00880159	0.0142252	0.00791683
0.572	0.00879043	0.014214	0.00789616
0.573	0.00876507	0.014201	0.00786863
0.574	0.00876537	0.0141883	0.00785449
0.575	0.00873277	0.0141568	0.00782054
0.576	0.00876828	0.0141685	0.00783639
0.577	0.00873543	0.014144	0.00779994
0.578	0.00870394	0.0141099	0.00775859
0.579	0.00873262	0.0141257	0.00777071
0.58	0.00868216	0.0140789	0.00771661
0.581	0.0086658	0.0140616	0.00769684
0.582	0.00868838	0.0140613	0.00769794
0.583	0.00866381	0.0140453	0.00767413
0.584	0.00863914	0.0140134	0.00764073
0.585	0.00865204	0.0140142	0.00763726
0.586	0.00861827	0.0139899	0.00759859
0.587	0.0086457	0.0139839	0.00760524
0.588	0.00860296	0.0139551	0.00755788
0.589	0.00860523	0.0139502	0.00754935
0.59	0.00860322	0.0139458	0.00754096
0.591	0.00853768	0.0138958	0.00747201
0.592	0.00856182	0.0139018	0.00748811
0.593	0.00853651	0.0138662	0.00745135
0.594	0.00855737	0.0138721	0.00745046
0.595	0.00852515	0.0138527	0.00741972
0.596	0.00852278	0.0138327	0.00740281
0.597	0.00852262	0.0138249	0.00738421
0.598	0.00848975	0.0137896	0.00735157
0.599	0.00848747	0.0137835	0.00734012
0.6	0.00848697	0.0137604	0.00732224
0.601	0.00846925	0.0137584	0.00730433
0.602	0.00847151	0.0137495	0.0072868
0.603	0.00843453	0.0137193	0.00725087
0.604	0.00845241	0.0137171	0.00724742
0.605	0.00839901	0.0136797	0.00719588
0.606	0.00838533	0.0136571	0.00716936
0.607	0.00837239	0.0136322	0.0071467
0.608	0.00837205	0.0136281	0.00713752
0.609	0.00838503	0.0136356	0.00713256
0.61	0.00834666	0.0135936	0.00709483
0.611	0.00835264	0.0135882	0.00708698
0.612	0.00833951	0.0135781	0.00706271
0.613	0.00833819	0.0135551	0.00704693
0.614	0.00831881	0.0135476	0.00701977
0.615	0.00830703	0.0135258	0.00699931
0.616	0.00827694	0.0134901	0.006971
0.617	0.00830293	0.0135042	0.00696638
0.618	0.00825336	0.0134647	0.0069194
0.619	0.00824884	0.0134478	0.00690224
0.62	0.00826714	0.0134486	0.0069023
0.621	0.00824465	0.0134287	0.00687654
0.622	0.00821855	0.0133916	0.00683523
0.623	0.00819971	0.0133759	0.0068187
0.624	0.00820505	0.0133715	0.00680559
0.625	0.00815353	0.0133413	0.00676046
0.626	0.00817083	0.0133246	0.00675389
0.627	0.00815519	0.0133219	0.00672876
0.628	0.00816311	0.0133016	0.00671477
0.629	0.00815701	0.0132957	0.00670855
0.63	0.0081427	0.0132797	0.00667998
0.631	0.00813666	0.0132591	0.00666728
0.632	0.00810038	0.0132217	0.00661819
0.633	0.00811562	0.0132356	0.00662205
0.634	0.0080715	0.0131851	0.0065725
0.635	0.00808103	0.0131874	0.00656753
0.636	0.0080538	0.0131633	0.00653492
0.637	0.00804421	0.0131516	0.00651601
0.638	0.00803945	0.0131322	0.00649765
0.639	0.00805972	0.0131283	0.00649818
0.64	0.00801283	0.013098	0.00645365
0.641	0.00799705	0.0130653	0.00642321
0.642	0.00802491	0.0130766	0.00642995
0.643	0.00800024	0.0130402	0.00639562
0.644	0.00794935	0.0130121	0.0063509
0.645	0.00798259	0.0130224	0.00635928
0.646	0.00797383	0.013008	0.00634038
0.647	0.00798673	0.0129983	0.00633326
0.648	0.00794126	0.0129654	0.00628515
0.649	0.00794739	0.0129457	0.00627714
0.65	0.00792247	0.0129325	0.0062507
0.651	0.0079187	0.012918	0.00623226
0.652	0.00788347	0.0128879	0.00618997
0.653	0.00791148	0.0128948	0.00619439
0.654	0.00785807	0.0128471	0.00614351
0.655	0.00785517	0.0128326	0.00612014
0.656	0.00782872	0.0128101	0.00609686
0.657	0.007826	0.0127808	0.00607188
0.658	0.00783142	0.0127909	0.00606186
0.659	0.00780336	0.0127611	0.00603432
0.66	0.00780996	0.0127488	0.00601823
0.661	0.00781283	0.0127467	0.0060074
0.662	0.00778707	0.0127005	0.00598083
0.663	0.00773477	0.0126777	0.00592857
0.664	0.0077514	0.0126773	0.00592353
0.665	0.00774975	0.0126468	0.00590601
0.666	0.0077459	0.0126449	0.00589099
0.667	0.00770068	0.012628	0.00584663
0.668	0.00774548	0.0126225	0.00585949
0.669	0.00771415	0.0125943	0.00582176
0.67	0.00767564	0.0125478	0.0057813
0.671	0.00769533	0.0125576	0.00577935
0.672	0.00763727	0.0125061	0.00572648
0.673	0.00767502	0.0125035	0.00573107
0.674	0.00766866	0.0124983	0.00572104
0.675	0.00761452	0.0124613	0.00565857
0.676	0.00762871	0.0124479	0.00565696
0.677	0.00760557	0.0124341	0.00562561
0.678	0.007617	0.0124118	0.0056232
0.679	0.00757103	0.0123788	0.0055752
0.68	0.00757656	0.0123596	0.00555344
0.681	0.00757382	0.0123523	0.00554377
0.682	0.00754964	0.0123383	0.00551238
0.683	0.00755745	0.0123149	0.00550586
0.684	0.00752911	0.0122899	0.0054644
0.685	0.00756789	0.0122925	0.00547726
0.686	0.0075539	0.0122736	0.00545425
0.687	0.00756758	0.0122572	0.00544317
0.688	0.00747392	0.0122079	0.00536808
0.689	0.00746576	0.0121792	0.0053397
0.69	0.00746037	0.0121583	0.00532913
0.691	0.00746793	0.0121498	0.00531491
0.692	0.00749079	0.012172	0.00531838
0.693	0.0074422	0.0121168	0.0052685
0.694	0.00746512	0.0121059	0.00526706
0.695	0.00739609	0.0120579	0.0052044
0.696	0.00741615	0.0120516	0.00520498
0.697	0.00742549	0.0120443	0.00519362
0.698	0.00735458	0.0119902	0.0051197
0.699	0.00740414	0.0120074	0.00514561
0.7	0.00738189	0.0119749	0.00511047
0.701	0.00736046	0.0119658	0.00508844
0.702	0.00739143	0.0119628	0.00509393
0.703	0.00733267	0.0119067	0.00503184
0.704	0.00738384	0.0119226	0.00505163
0.705	0.00734441	0.0118719	0.00500787
0.706	0.00731541	0.0118602	0.00497506
0.707	0.00728098	0.0118122	0.00493305
0.708	0.00730115	0.0118297	0.00493309
0.709	0.00728664	0.011805	0.00490292
0.71	0.00725494	0.0117662	0.00486422
0.711	0.0072576	0.0117624	0.00485565
0.712	0.00721383	0.0117083	0.00481248
0.713	0.0072575	0.0117288	0.00482306
0.714	0.00722386	0.0116833	0.00478344
0.715	0.00720521	0.0116588	0.00475348
0.716	0.00723637	0.0116563	0.00476028
0.717	0.00720586	0.0116377	0.00472137
0.718	0.00719551	0.0115953	0.00469982
0.719	0.00721201	0.0116001	0.00469169
0.72	0.00716821	0.011558	0.00464427
0.721	0.00722383	0.0115623	0.00467108
0.722	0.00713648	0.0115002	0.00458831
0.723	0.00718733	0.0115051	0.00460917
0.724	0.00711988	0.0114699	0.00454714
0.725	0.00711317	0.0114506	0.00452561
0.726	0.0071615	0.0114535	0.00454048
0.727	0.00708759	0.0113951	0.00447811
0.728	0.00707946	0.0113642	0.00445384
0.729	0.00709515	0.0113613	0.00445669
0.73	0.00707831	0.0113209	0.00442288
0.731	0.00705861	0.0113075	0.00439416
0.732	0.00704621	0.011291	0.00436428
0.733	0.00708543	0.0112704	0.00437845
0.734	0.00705727	0.0112525	0.00433903
0.735	0.00702842	0.0112278	0.0043003
0.736	0.00701103	0.0111893	0.00427119
0.737	0.00705002	0.0112064	0.00427957
0.738	0.00698793	0.0111313	0.00422016
0.739	0.00700817	0.0111274	0.00422338
0.74	0.00698333	0.0111253	0.00419244
0.741	0.00694015	0.011054	0.00414043
0.742	0.00696657	0.0110465	0.00413731
0.743	0.00699749	0.0110529	0.00414302
0.744	0.00691087	0.0109792	0.00406616
0.745	0.00690291	0.0109591	0.00405617
0.746	0.0069318	0.0109435	0.00403852
0.747	0.00693477	0.0109463	0.00403177
0.748	0.00696396	0.0109328	0.0040341
0.749	0.00691901	0.0108819	0.00398854
0.75	0.00691192	0.0108611	0.00397091
0.751	0.00687663	0.0108204	0.00392461
0.752	0.00691718	0.0108482	0.00393291
0.753	0.00683946	0.0107795	0.00386667
0.754	0.0068775	0.0107615	0.0038774
0.755	0.00686632	0.010721	0.00384636
0.756	0.00683593	0.0106927	0.00381314
0.757	0.00687139	0.0106938	0.00381894
0.758	0.00679779	0.0106568	0.00375509
0.759	0.00680515	0.0106101	0.00374755
0.76	0.0068457	0.0106283	0.00375379
0.761	0.00685864	0.0106003	0.00373389
0.762	0.00677723	0.0105558	0.00367752
0.763	0.00670575	0.0104892	0.00361688
0.764	0.00673219	0.0104679	0.0036061
0.765	0.00675093	0.0104737	0.00359967
0.766	0.00672546	0.0104292	0.00357197
0.767	0.00676029	0.0104116	0.00357746
0.768	0.00672027	0.0103859	0.00352867
0.769	0.006762	0.0103744	0.00354049
0.77	0.00675026	0.0103416	0.00351525
0.771	0.00675032	0.0103151	0.00349386
0.772	0.00677354	0.010285	0.00349259
0.773	0.00671524	0.0102476	0.00344412
0.774	0.00666582	0.0101845	0.00339427
0.775	0.00668995	0.0101825	0.00339167
0.776	0.00663476	0.0101362	0.00334469
0.777	0.00664847	0.0101296	0.00333026
0.778	0.00667786	0.0101131	0.00333238
0.779	0.00668111	0.0100675	0.00332011
0.78	0.00667227	0.0100339	0.0032917
0.781	0.00665348	0.0100116	0.00326384
0.782	0.0066584	0.01	0.00325007
0.783	0.00659152	0.00993464	0.00319574
0.784	0.00658426	0.00992129	0.00317143
0.785	0.00665952	0.00991633	0.00319776
0.786	0.00667074	0.00989121	0.00319077
0.787	0.00663273	0.00984038	0.00314272
0.788	0.00661454	0.00981217	0.0031218
0.789	0.00660788	0.00976962	0.00309805
0.79	0.00658467	0.00974481	0.00307424
0.791	0.00659827	0.0097375	0.00305385
0.792	0.00655922	0.00968299	0.00302078
0.793	0.00657912	0.00964782	0.0030167
0.794	0.00654445	0.00960566	0.00297538
0.795	0.00656855	0.00959639	0.00297176
0.796	0.00652915	0.00956236	0.00293815
0.797	0.00653743	0.00953847	0.00292606
0.798	0.0065502	0.00951146	0.00292058
0.799	0.00654406	0.00948013	0.00289619
0.8	0.00652486	0.00943407	0.00287129
0.801	0.00653249	0.00940732	0.00285658
0.802	0.00648158	0.00934831	0.00281005
0.803	0.00653562	0.00935776	0.00282186
0.804	0.00651208	0.00930521	0.00279683
0.805	0.00652676	0.0092913	0.00278739
0.806	0.0064946	0.00923216	0.00275428
0.807	0.00654752	0.00923393	0.00276372
0.808	0.00648989	0.00913875	0.00272101
0.809	0.00645949	0.00912016	0.00269315
0.81	0.00644481	0.00908809	0.00266177
0.811	0.00641022	0.0090377	0.00262974
0.812	0.00647489	0.00900464	0.0026549
0.813	0.0064458	0.00899994	0.00261848
0.814	0.00641764	0.00894582	0.00258746
0.815	0.00649073	0.0089332	0.00261505
0.816	0.00640984	0.00888129	0.00255095
0.817	0.00648428	0.00885849	0.00257251
0.818	0.00638029	0.00879902	0.00251011
0.819	0.00647039	0.00878574	0.00254141
0.82	0.00643532	0.00874933	0.0025128
0.821	0.00641968	0.00870961	0.00247608
0.822	0.00637764	0.00863624	0.00244639
0.823	0.00642824	0.00865827	0.00245691
0.824	0.00641213	0.00862053	0.0024312
0.825	0.00643896	0.00856866	0.0024369
0.826	0.00638716	0.00853207	0.00239565
0.827	0.00632764	0.00845787	0.00234198
0.828	0.00634664	0.00843828	0.00234322
0.829	0.00635022	0.00837761	0.00234025
0.83	0.00636785	0.00835822	0.0023258
0.831	0.00637937	0.00833843	0.00231404
0.832	0.00643265	0.00830943	0.00234779
0.833	0.00639405	0.00825977	0.00229915
0.834	0.00640469	0.00821651	0.00229404
0.835	0.00635409	0.00815584	0.00224974
0.836	0.00632216	0.0081135	0.00222296
0.837	0.00633454	0.00807273	0.00221543
0.838	0.00630388	0.00806576	0.00218816
0.839	0.00633536	0.00800691	0.00219225
0.84	0.00623502	0.0079266	0.00213106
0.841	0.00627268	0.00788605	0.00213688
0.842	0.00629366	0.00789143	0.00213159
0.843	0.00630922	0.00783861	0.00213132
0.844	0.00629246	0.00775943	0.00210371
0.845	0.00624141	0.00773712	0.00207593
0.846	0.00629553	0.00770259	0.00208474
0.847	0.00628172	0.00766176	0.00206426
0.848	0.00630869	0.00763429	0.00206181
0.849	0.00625039	0.00757814	0.00202853
0.85	0.00630861	0.00751446	0.00204879
0.851	0.00633898	0.00751669	0.00205002
0.852	0.00631018	0.00745405	0.00202045
0.853	0.00630115	0.0074211	0.00200889
0.854	0.0063163	0.007352	0.00200587
0.855	0.00632396	0.00730202	0.0020001
0.856	0.00626491	0.00723222	0.0019533
0.857	0.00626697	0.00720956	0.00194532
0.858	0.0063436	0.00718112	0.00197266
0.859	0.006337	0.00713462	0.0019563
0.86	0.00626853	0.00705385	0.00191687
0.861	0.00630136	0.00703063	0.0019131
0.862	0.00634069	0.00699905	0.00192416
0.863	0.0062999	0.00695288	0.0018848
0.864	0.00634827	0.00690178	0.00190913
0.865	0.00638581	0.00685946	0.00191684
0.866	0.00636139	0.00680354	0.00188774
0.867	0.00631728	0.00673182	0.00186424
0.868	0.00636142	0.00670865	0.00187535
0.869	0.00643623	0.00665088	0.00189893
0.87	0.00635624	0.00659395	0.00184732
0.871	0.00631469	0.00656887	0.00181271
0.872	0.00637509	0.00652154	0.00183185
0.873	0.00629086	0.00644436	0.00178323
0.874	0.00638465	0.00640721	0.00181109
0.875	0.00638911	0.00632558	0.00180648
0.876	0.00640321	0.00630288	0.00180259
0.877	0.00640141	0.00626231	0.00178802
0.878	0.00652365	0.00623428	0.00182514
0.879	0.00644617	0.00618518	0.0017779
0.88	0.00640355	0.00609702	0.00174891
0.881	0.00649219	0.00606063	0.0017778
0.882	0.00634647	0.0059618	0.00170244
0.883	0.00648732	0.00591954	0.00174359
0.884	0.00651668	0.00586359	0.00174748
0.885	0.00647734	0.00583065	0.00173121
0.886	0.00650279	0.00574917	0.00172425
0.887	0.00647151	0.00569559	0.00169703
0.888	0.00661188	0.00568805	0.00174764
0.889	0.00644668	0.00558543	0.00165469
0.89	0.0066736	0.00556063	0.00173793
0.891	0.00673063	0.00552436	0.00175043
0.892	0.00664352	0.00542669	0.00170605
0.893	0.00672048	0.00537045	0.00172191
0.894	0.00661428	0.00533293	0.00166272
0.895	0.0066955	0.00530589	0.00168058
0.896	0.00666523	0.00520282	0.00165859
0.897	0.00666259	0.00513519	0.0016271
0.898	0.00676142	0.00511492	0.00165337
0.899	0.0067734	0.00502634	0.0016602
0.9	0.00684309	0.00497001	0.00166887
0.901	0.00682221	0.00489192	0.00163224
0.902	0.00689177	0.00483221	0.0016434
0.903	0.00686872	0.00482968	0.00161401
0.904	0.00670812	0.00471961	0.00155447
0.905	0.00698288	0.00466404	0.00163449
0.906	0.00702985	0.00459496	0.001628
0.907	0.00698718	0.00458875	0.00158961
0.908	0.00720875	0.0044869	0.00165591
0.909	0.00722116	0.00444549	0.00163235
0.91	0.00712059	0.00437784	0.00159175
0.911	0.00728074	0.00430602	0.00161198
0.912	0.00726724	0.00425755	0.00158505
0.913	0.0075633	0.00420071	0.00166558
0.914	0.00727718	0.00413259	0.00154165
0.915	0.00740687	0.00407235	0.00157287
0.916	0.00744263	0.00398815	0.00155942
0.917	0.00776667	0.00395787	0.0016478
0.918	0.00756375	0.00390932	0.00156537
0.919	0.00775594	0.00384591	0.00162116
0.92	0.00772411	0.00372309	0.00157041
0.921	0.00799365	0.00368821	0.00162406
0.922	0.00807402	0.00364205	0.00163211
0.923	0.00813169	0.00357928	0.00162708
0.924	0.00791935	0.00348489	0.00153467
0.925	0.00833141	0.00344694	0.00165745
0.926	0.0082329	0.00335381	0.00159789
0.927	0.00877804	0.00333586	0.00173957
0.928	0.00869469	0.00327232	0.00168123
0.929	0.0085034	0.00317265	0.00154943
0.93	0.00912807	0.00314589	0.00172862
0.931	0.00884475	0.00305747	0.00161566
0.932	0.00899755	0.00296993	0.00160904
0.933	0.00912321	0.00290529	0.00161866
0.934	0.00934221	0.00286412	0.00165992
0.935	0.00940882	0.00276364	0.00163695
0.936	0.00975106	0.00273955	0.00169261
0.937	0.0100321	0.00265678	0.00174518
0.938	0.0100665	0.00259936	0.00172613
0.939	0.0101149	0.00252278	0.00165599
0.94	0.0105691	0.00246091	0.00174593
0.941	0.0106312	0.00242014	0.00171192
0.942	0.0104967	0.00232477	0.00161038
0.943	0.0110885	0.00227398	0.00175626
0.944	0.0115797	0.00224676	0.00180811
0.945	0.0121283	0.0022098	0.00192542
0.946	0.0121026	0.002138	0.0018356
0.947	0.0130824	0.00209999	0.00205934
0.948	0.0130468	0.00206626	0.00203592
0.949	0.0133038	0.00199861	0.00203859
0.95	0.0136509	0.00188505	0.00193074
0.951	0.0142412	0.00186603	0.0020881
0.952	0.0145156	0.00175498	0.00204811
0.953	0.0150719	0.00172729	0.00208936
0.954	0.0159278	0.00168604	0.00225254
0.955	0.0162138	0.0016438	0.0022568
0.956	0.0168523	0.00159023	0.00227304
0.957	0.0173414	0.00153259	0.00225265
0.958	0.018	0.00148828	0.00233914
0.959	0.0186835	0.00146099	0.00234921
0.96	0.0195384	0.00142716	0.00250441
0.961	0.0214043	0.00141478	0.00276348
0.962	0.0226709	0.00133724	0.0028359
0.963	0.0234209	0.00131747	0.002892
0.964	0.0260526	0.00133043	0.00334811
0.965	0.0259389	0.00129845	0.00326609
0.966	0.0289619	0.00124714	0.00347304
0.967	0.0287677	0.00114175	0.00313696
0.968	0.0307683	0.00117352	0.00362219
0.969	0.033174	0.00106777	0.00358684
0.97	0.0353435	0.00113445	0.00391614
0.971	0.0386949	0.00110941	0.00448357
0.972	0.0425402	0.00104343	0.00449261
0.973	0.0442368	0.00117683	0.0050801
0.974	0.0465245	0.00102876	0.0049424
0.975	0.0512852	0.00102	0.0050002
0.976	0.0575971	0.00116344	0.00690817
0.977	0.0635608	0.00108788	0.00725194
0.978	0.0697089	0.000998364	0.00720538
0.979	0.0766842	0.00108855	0.00872749
0.98	0.0813657	0.00111604	0.00888394
0.981	0.0884648	0.00119807	0.00987168
0.982	0.0971534	0.00170647	0.0114393
0.983	0.10563	0.00148655	0.0114451
0.984	0.11157	0.00135354	0.0119375
0.985	0.129138	0.00149584	0.0156034
0.986	0.135171	0.00164301	0.0161313
0.987	0.15298	0.00182786	0.0188937
0.988	0.163351	0.00191938	0.0219599
0.989	0.177548	0.0028251	0.0239849
0.99	0.192625	0.0031547	0.0275313
0.991	0.211927	0.00365398	0.0306517
0.992	0.227201	0.00356888	0.033789
0.993	0.248249	0.00530466	0.0393921
0.994	0.278984	0.00828389	0.0458875
0.995	0.296559	0.00775742	0.0498917
0.996	0.313708	0.0115634	0.0536427
0.997	0.338685	0.0136508	0.0595661
0.998	0.360648	0.0192553	0.0703467
