L	opf	cc	jcc
0	0.0163356	0.0214084	0.0165165
0.001	0.0163391	0.0214195	0.0165194
0.002	0.0163209	0.0214013	0.0164897
0.003	0.0162993	0.0213794	0.0164617
0.004	0.0162757	0.0213581	0.0164374
0.005	0.0162578	0.021345	0.016411
0.006	0.0162478	0.0213354	0.0163947
0.007	0.0162013	0.0212933	0.0163467
0.008	0.0162107	0.0212992	0.016347
0.009	0.0161832	0.0212745	0.0163112
0.01	0.0161548	0.0212533	0.0162794
0.011	0.016144	0.0212378	0.0162596
0.012	0.0161356	0.0212311	0.0162438
0.013	0.0161136	0.0212123	0.0162181
0.014	0.016098	0.0212037	0.0161957
0.015	0.0160618	0.021168	0.0161591
0.016	0.0160366	0.0211465	0.0161267
0.017	0.0160339	0.0211418	0.0161185
0.018	0.0160364	0.0211507	0.0161029
0.019	0.0159978	0.021107	0.0160689
0.02	0.015976	0.0210921	0.0160365
0.021	0.015966	0.0210808	0.0160267
0.022	0.01595	0.0210663	0.0160023
0.023	0.0159171	0.0210361	0.015961
0.024	0.0159012	0.0210266	0.0159441
0.025	0.0158929	0.0210149	0.0159262
0.026	0.01588	0.0210099	0.0159086
0.027	0.0158605	0.0209925	0.0158839
0.028	0.0158367	0.0209667	0.0158599
0.029	0.0158151	0.0209506	0.0158248
0.03	0.015798	0.0209304	0.0158023
0.031	0.0157928	0.0209275	0.0157875
0.032	0.0157571	0.0208986	0.0157507
0.033	0.0157478	0.0208869	0.0157319
0.034	0.0157265	0.0208689	0.0157065
0.035	0.0157108	0.0208559	0.0156846
0.036	0.0156956	0.0208437	0.0156619
0.037	0.0156831	0.0208334	0.015645
0.038	0.0156625	0.0208154	0.0156186
0.039	0.0156631	0.0208147	0.0156115
0.04	0.01564	0.0207948	0.0155817
0.041	0.0156135	0.0207689	0.015546
0.042	0.0155947	0.0207548	0.01552
0.043	0.0155808	0.0207419	0.0155004
0.044	0.0155538	0.0207168	0.0154691
0.045	0.015541	0.0207064	0.0154521
0.046	0.0155217	0.0206863	0.0154279
0.047	0.0155131	0.0206827	0.0154052
0.048	0.0154788	0.0206506	0.015369
0.049	0.015475	0.020653	0.0153572
0.05	0.0154552	0.0206316	0.0153348
0.051	0.015433	0.0206122	0.0153095
0.052	0.0154262	0.0206091	0.0152941
0.053	0.015409	0.0205914	0.0152686
0.054	0.0153929	0.0205792	0.015246
0.055	0.0153605	0.0205474	0.0152122
0.056	0.0153571	0.0205452	0.0151957
0.057	0.0153511	0.020542	0.0151832
0.058	0.0153204	0.0205161	0.0151505
0.059	0.0153048	0.0205011	0.0151299
0.06	0.0152902	0.0204875	0.0151032
0.061	0.0152807	0.0204788	0.015089
0.062	0.0152608	0.0204643	0.0150608
0.063	0.0152428	0.0204435	0.015037
0.064	0.0152172	0.0204246	0.0150052
0.065	0.0152008	0.0204092	0.0149871
0.066	0.015209	0.0204186	0.0149851
0.067	0.0151656	0.0203782	0.0149342
0.068	0.0151654	0.0203809	0.0149239
0.069	0.0151391	0.0203537	0.0148997
0.07	0.0151175	0.0203408	0.0148616
0.071	0.015116	0.0203375	0.014857
0.072	0.0150884	0.0203109	0.0148252
0.073	0.0150711	0.0202985	0.0148003
0.074	0.015057	0.020285	0.0147792
0.075	0.0150554	0.0202817	0.0147689
0.076	0.0150324	0.0202641	0.0147403
0.077	0.0150233	0.0202537	0.0147264
0.078	0.0150069	0.0202442	0.0147036
0.079	0.0149915	0.020227	0.0146795
0.08	0.0149642	0.0202052	0.0146448
0.081	0.0149527	0.0201963	0.014634
0.082	0.0149375	0.020177	0.01461
0.083	0.0149215	0.0201685	0.0145887
0.084	0.0148944	0.0201418	0.0145513
0.085	0.0148743	0.0201212	0.014528
0.086	0.0148698	0.0201218	0.0145111
0.087	0.0148458	0.0200988	0.0144881
0.088	0.0148329	0.020094	0.0144653
0.089	0.0148346	0.0200883	0.0144545
0.09	0.0148055	0.0200689	0.0144253
0.091	0.0148028	0.0200641	0.0144133
0.092	0.0147617	0.0200303	0.0143672
0.093	0.0147599	0.0200301	0.014357
0.094	0.0147544	0.0200251	0.0143457
0.095	0.0147142	0.0199922	0.0142975
0.096	0.0147199	0.0199957	0.0142948
0.097	0.0146935	0.0199709	0.0142662
0.098	0.0146886	0.0199654	0.0142536
0.099	0.0146644	0.0199452	0.0142256
0.1	0.0146478	0.0199327	0.0142033
0.101	0.0146364	0.0199217	0.0141833
0.102	0.0146146	0.0199026	0.0141473
0.103	0.0145967	0.019888	0.0141283
0.104	0.0145979	0.0198902	0.0141164
0.105	0.0145834	0.0198791	0.0140988
0.106	0.0145462	0.0198435	0.0140576
0.107	0.0145464	0.019848	0.0140483
0.108	0.0145328	0.0198374	0.0140288
0.109	0.0145238	0.0198272	0.014014
0.11	0.0144994	0.019804	0.0139797
0.111	0.014486	0.0197969	0.013964
0.112	0.0144719	0.0197846	0.013941
0.113	0.0144546	0.0197713	0.013911
0.114	0.0144408	0.0197506	0.0138908
0.115	0.014418	0.0197354	0.013868
0.116	0.0144021	0.0197219	0.0138423
0.117	0.0143979	0.0197226	0.0138313
0.118	0.0143876	0.0197097	0.0138094
0.119	0.0143771	0.0196961	0.0137977
0.12	0.0143558	0.0196864	0.0137653
0.121	0.0143423	0.0196752	0.0137458
0.122	0.0143209	0.0196546	0.0137207
0.123	0.0143027	0.0196422	0.0136957
0.124	0.0142847	0.0196302	0.0136738
0.125	0.0142785	0.0196177	0.0136603
0.126	0.0142584	0.0196018	0.0136296
0.127	0.0142499	0.0195965	0.0136129
0.128	0.0142276	0.0195723	0.0135811
0.129	0.0142164	0.0195659	0.0135653
0.13	0.0142181	0.0195659	0.0135612
0.131	0.0141937	0.0195489	0.0135299
0.132	0.0141849	0.019542	0.0135131
0.133	0.0141595	0.0195174	0.013485
0.134	0.0141365	0.0194963	0.013457
0.135	0.0141252	0.0194894	0.013435
0.136	0.0141125	0.0194821	0.0134149
0.137	0.0140984	0.0194693	0.0133909
0.138	0.0140833	0.0194537	0.0133696
0.139	0.0140749	0.0194474	0.0133537
0.14	0.0140705	0.0194484	0.013338
0.141	0.0140506	0.019426	0.0133149
0.142	0.0140261	0.0194031	0.0132868
0.143	0.0140086	0.01939	0.0132667
0.144	0.013979	0.0193648	0.0132293
0.145	0.0139861	0.0193713	0.0132263
0.146	0.0139656	0.0193583	0.0131943
0.147	0.0139501	0.0193448	0.0131722
0.148	0.013935	0.0193274	0.0131531
0.149	0.0139221	0.0193199	0.0131292
0.15	0.0139229	0.0193208	0.0131269
0.151	0.0138861	0.0192878	0.0130853
0.152	0.013882	0.0192851	0.0130705
0.153	0.0138753	0.0192811	0.0130581
0.154	0.0138579	0.0192669	0.0130302
0.155	0.0138321	0.0192437	0.0129944
0.156	0.0138176	0.0192325	0.0129826
0.157	0.0138032	0.0192168	0.0129582
0.158	0.0137877	0.0192073	0.0129381
0.159	0.0137836	0.0192026	0.0129239
0.16	0.0137741	0.0191997	0.0129034
0.161	0.0137558	0.0191845	0.0128821
0.162	0.0137336	0.0191652	0.0128502
0.163	0.0137363	0.0191609	0.0128494
0.164	0.0137267	0.0191623	0.0128326
0.165	0.0137259	0.0191586	0.0128241
0.166	0.0136705	0.0191151	0.0127637
0.167	0.0136852	0.0191271	0.0127669
0.168	0.0136668	0.0191107	0.012737
0.169	0.0136602	0.0191023	0.0127268
0.17	0.0136445	0.0190923	0.0127069
0.171	0.0136176	0.0190688	0.0126718
0.172	0.0136212	0.0190797	0.0126672
0.173	0.0135901	0.0190434	0.0126316
0.174	0.0135839	0.019043	0.0126211
0.175	0.0135882	0.0190487	0.0126116
0.176	0.0135496	0.0190133	0.0125732
0.177	0.0135341	0.0189974	0.0125502
0.178	0.0135264	0.0189926	0.0125335
0.179	0.0135127	0.0189865	0.0125152
0.18	0.013499	0.0189745	0.0124974
0.181	0.0134684	0.0189432	0.0124574
0.182	0.0134681	0.0189457	0.0124463
0.183	0.0134599	0.0189399	0.0124297
0.184	0.0134378	0.0189188	0.0124013
0.185	0.0134274	0.0189119	0.0123871
0.186	0.013425	0.0189106	0.012375
0.187	0.0134011	0.01889	0.0123486
0.188	0.0133964	0.0188874	0.0123292
0.189	0.0133682	0.0188681	0.0122954
0.19	0.0133615	0.0188542	0.012284
0.191	0.0133494	0.0188507	0.0122615
0.192	0.0133561	0.0188575	0.0122673
0.193	0.0133153	0.0188176	0.0122174
0.194	0.0133028	0.0188114	0.0121998
0.195	0.0132998	0.0188139	0.012182
0.196	0.0132802	0.0187927	0.0121632
0.197	0.0132654	0.0187779	0.0121414
0.198	0.0132567	0.0187731	0.012126
0.199	0.0132357	0.0187603	0.0120918
0.2	0.0132308	0.0187552	0.0120812
0.201	0.0132113	0.0187403	0.0120588
0.202	0.0132165	0.0187388	0.0120529
0.203	0.0132001	0.0187325	0.0120277
0.204	0.0131647	0.0187011	0.0119917
0.205	0.0131597	0.0187012	0.0119803
0.206	0.0131422	0.0186802	0.0119513
0.207	0.0131454	0.0186837	0.0119479
0.208	0.0131129	0.0186575	0.0119102
0.209	0.0131289	0.0186711	0.0119143
0.21	0.0130915	0.0186407	0.0118797
0.211	0.0130864	0.0186384	0.0118632
0.212	0.013082	0.0186386	0.0118471
0.213	0.0130604	0.0186209	0.0118176
0.214	0.0130506	0.0186025	0.0118054
0.215	0.0130354	0.0185984	0.0117824
0.216	0.0129981	0.0185682	0.0117443
0.217	0.0130163	0.0185892	0.0117485
0.218	0.0130122	0.0185839	0.0117369
0.219	0.0129879	0.0185566	0.0117052
0.22	0.0129712	0.0185447	0.0116859
0.221	0.0129522	0.0185297	0.0116619
0.222	0.0129202	0.0185017	0.011618
0.223	0.0129381	0.0185216	0.0116283
0.224	0.0129081	0.0184946	0.0115846
0.225	0.0129032	0.0184901	0.011584
0.226	0.0128854	0.0184786	0.0115569
0.227	0.0128735	0.0184641	0.0115433
0.228	0.0128582	0.018453	0.0115197
0.229	0.0128518	0.01845	0.0115007
0.23	0.0128397	0.018439	0.0114865
0.231	0.0128081	0.01842	0.0114404
0.232	0.0128181	0.018425	0.0114439
0.233	0.0127846	0.0183974	0.0114134
0.234	0.0127645	0.0183822	0.0113833
0.235	0.0127782	0.0183897	0.0113926
0.236	0.012756	0.0183745	0.0113583
0.237	0.0127248	0.0183428	0.0113261
0.238	0.0127351	0.0183673	0.0113234
0.239	0.0127202	0.0183455	0.0113074
0.24	0.0127166	0.0183417	0.0112879
0.241	0.0126898	0.0183254	0.0112622
0.242	0.0126653	0.018304	0.0112308
0.243	0.0126745	0.0183118	0.0112269
0.244	0.0126695	0.0183072	0.0112154
0.245	0.012638	0.0182762	0.0111838
0.246	0.012636	0.0182784	0.011167
0.247	0.0126253	0.0182705	0.0111554
0.248	0.0125986	0.0182464	0.0111253
0.249	0.0126001	0.0182553	0.0111097
0.25	0.0125664	0.0182228	0.0110677
0.251	0.0125695	0.0182216	0.0110816
0.252	0.0125449	0.0182062	0.011044
0.253	0.0125331	0.0181989	0.0110218
0.254	0.0125256	0.0181936	0.0110023
0.255	0.0125131	0.0181831	0.0109894
0.256	0.0125025	0.018177	0.0109748
0.257	0.0124913	0.0181685	0.0109552
0.258	0.0124742	0.0181558	0.0109275
0.259	0.0124602	0.0181379	0.0109075
0.26	0.0124459	0.0181302	0.0108875
0.261	0.0124423	0.0181266	0.0108748
0.262	0.0124305	0.0181167	0.0108573
0.263	0.0123987	0.0180917	0.0108214
0.264	0.0124116	0.0181035	0.010827
0.265	0.0124004	0.0180909	0.0108098
0.266	0.0123687	0.0180687	0.0107703
0.267	0.0123613	0.0180584	0.0107592
0.268	0.0123568	0.0180534	0.0107487
0.269	0.0123303	0.018041	0.0107127
0.27	0.0123358	0.0180445	0.010709
0.271	0.0123339	0.0180435	0.0106994
0.272	0.0123078	0.0180225	0.0106737
0.273	0.0123115	0.0180321	0.0106619
0.274	0.0122777	0.017994	0.0106282
0.275	0.0122708	0.0179943	0.0106099
0.276	0.0122576	0.0179822	0.0105889
0.277	0.0122393	0.0179679	0.0105639
0.278	0.0122167	0.0179433	0.0105408
0.279	0.0122017	0.017935	0.010517
0.28	0.0121958	0.0179355	0.0105035
0.281	0.0121854	0.0179194	0.0104927
0.282	0.0121674	0.0179087	0.0104647
0.283	0.0121515	0.017893	0.0104447
0.284	0.0121559	0.0179043	0.0104351
0.285	0.0121664	0.0179128	0.0104406
0.286	0.0121258	0.0178717	0.0103929
0.287	0.0121062	0.0178594	0.0103724
0.288	0.0121187	0.017874	0.0103808
0.289	0.012071	0.0178315	0.0103238
0.29	0.0120723	0.0178318	0.0103187
0.291	0.0120737	0.0178334	0.0103111
0.292	0.012056	0.0178218	0.010288
0.293	0.0120599	0.0178309	0.0102848
0.294	0.0120358	0.0178021	0.0102585
0.295	0.012017	0.0177948	0.0102298
0.296	0.0119927	0.0177707	0.0102092
0.297	0.0119875	0.0177711	0.0101823
0.298	0.0119809	0.0177627	0.0101757
0.299	0.0119593	0.0177476	0.0101397
0.3	0.0119354	0.0177235	0.0101196
0.301	0.011939	0.0177396	0.0101111
0.302	0.0119302	0.0177269	0.0100965
0.303	0.0119197	0.0177215	0.0100785
0.304	0.0118984	0.0176973	0.0100566
0.305	0.0118995	0.0177004	0.010048
0.306	0.0118852	0.0176889	0.0100232
0.307	0.0118757	0.0176856	0.0100166
0.308	0.0118691	0.0176827	0.00999582
0.309	0.0118322	0.0176451	0.00995636
0.31	0.0118393	0.0176567	0.00995671
0.311	0.0118388	0.0176525	0.00994242
0.312	0.0118114	0.0176323	0.00991459
0.313	0.0117862	0.0176086	0.00988571
0.314	0.0117841	0.0176031	0.00987942
0.315	0.0117639	0.0175917	0.00985422
0.316	0.011759	0.0175897	0.00983819
0.317	0.0117554	0.0175876	0.00982589
0.318	0.0117328	0.0175635	0.00979692
0.319	0.0117277	0.0175651	0.00978849
0.32	0.0117067	0.0175448	0.00975771
0.321	0.0117121	0.0175598	0.0097556
0.322	0.0116769	0.0175234	0.00971642
0.323	0.0116795	0.0175311	0.00971751
0.324	0.011661	0.0175091	0.00969952
0.325	0.0116541	0.0175074	0.00968172
0.326	0.0116477	0.0175087	0.0096645
0.327	0.0115933	0.0174616	0.00960847
0.328	0.0116043	0.0174692	0.00961859
0.329	0.0115875	0.0174496	0.00959101
0.33	0.0115762	0.0174426	0.00957084
0.331	0.0115674	0.0174365	0.00955976
0.332	0.011559	0.0174328	0.00954613
0.333	0.0115636	0.0174301	0.00953459
0.334	0.0115468	0.0174264	0.00951805
0.335	0.0115215	0.0173997	0.00948763
0.336	0.0115099	0.0173948	0.00947244
0.337	0.0114879	0.0173779	0.00944122
0.338	0.0114896	0.0173827	0.00943943
0.339	0.0115012	0.0173909	0.00943727
0.34	0.0114698	0.0173684	0.00939858
0.341	0.0114573	0.017361	0.00938459
0.342	0.0114436	0.0173405	0.00936327
0.343	0.0114342	0.0173373	0.00935497
0.344	0.0113983	0.0173021	0.00931423
0.345	0.0114124	0.0173196	0.00931911
0.346	0.0113846	0.0172987	0.00928362
0.347	0.0113781	0.0172903	0.0092767
0.348	0.011386	0.0173011	0.0092707
0.349	0.0113599	0.0172782	0.00924171
0.35	0.0113502	0.0172725	0.0092276
0.351	0.0113402	0.0172605	0.00921121
0.352	0.0113192	0.0172468	0.00917987
0.353	0.0113086	0.0172378	0.00915933
0.354	0.0112957	0.017218	0.00915059
0.355	0.0112895	0.0172278	0.00913522
0.356	0.0112771	0.0172163	0.00911693
0.357	0.0112518	0.0171921	0.00908774
0.358	0.01125	0.0171973	0.00907534
0.359	0.0112404	0.0171809	0.00906142
0.36	0.0112229	0.0171689	0.00904193
0.361	0.01121	0.0171633	0.00902034
0.362	0.0111923	0.0171479	0.00899587
0.363	0.0111982	0.0171553	0.00900011
0.364	0.0111755	0.0171349	0.00896698
0.365	0.0111609	0.0171229	0.00894595
0.366	0.0111578	0.0171165	0.00894343
0.367	0.0111352	0.0171016	0.00890579
0.368	0.0111278	0.017093	0.00890356
0.369	0.0111175	0.0170868	0.00888191
0.37	0.011103	0.0170724	0.00886301
0.371	0.0111185	0.0170956	0.00886585
0.372	0.0110773	0.0170577	0.00882466
0.373	0.0110667	0.0170498	0.00881332
0.374	0.0110709	0.0170523	0.00880447
0.375	0.0110548	0.0170413	0.00878303
0.376	0.0110384	0.0170274	0.00876177
0.377	0.01103	0.0170203	0.00874667
0.378	0.011002	0.016999	0.00871821
0.379	0.0110264	0.0170202	0.00873371
0.38	0.0110005	0.0169982	0.00870382
0.381	0.0109824	0.0169852	0.00867819
0.382	0.0109684	0.0169642	0.00865947
0.383	0.0109425	0.0169544	0.00863301
0.384	0.0109384	0.0169502	0.00861676
0.385	0.0109501	0.0169578	0.00862649
0.386	0.010932	0.0169431	0.00860378
0.387	0.0109245	0.0169414	0.00858199
0.388	0.0108694	0.0168949	0.00853242
0.389	0.0108816	0.0169015	0.00853862
0.39	0.0108808	0.0168975	0.00852335
0.391	0.0108692	0.0169007	0.00850771
0.392	0.0108632	0.0168863	0.00849954
0.393	0.0108347	0.016869	0.00846783
0.394	0.0108116	0.0168474	0.00843641
0.395	0.010809	0.0168498	0.00843019
0.396	0.0107991	0.0168377	0.00841447
0.397	0.0107919	0.0168399	0.00839926
0.398	0.0107851	0.0168282	0.00838745
0.399	0.0107817	0.0168412	0.00837178
0.4	0.0107488	0.0167958	0.00834438
0.401	0.0107426	0.0167916	0.00833174
0.402	0.01074	0.0168068	0.00831646
0.403	0.0107234	0.0167861	0.00829734
0.404	0.0107373	0.0168015	0.00831715
0.405	0.0106931	0.0167551	0.00825761
0.406	0.0106832	0.016749	0.00823966
0.407	0.0106786	0.0167438	0.00823574
0.408	0.0106536	0.0167277	0.00820812
0.409	0.0106535	0.0167243	0.00820117
0.41	0.0106363	0.0167102	0.00817641
0.411	0.0106198	0.0166912	0.00816571
0.412	0.0106182	0.0166987	0.00814516
0.413	0.0106282	0.0167012	0.00815062
0.414	0.0105892	0.016672	0.00811052
0.415	0.010574	0.0166666	0.00808715
0.416	0.0105681	0.0166525	0.00807956
0.417	0.0105452	0.0166449	0.00805331
0.418	0.010546	0.0166425	0.00804048
0.419	0.0105567	0.0166617	0.00804225
0.42	0.0105195	0.0166213	0.00800818
0.421	0.0104873	0.0165921	0.00797362
0.422	0.0105016	0.0166031	0.0079815
0.423	0.0104932	0.0165857	0.00796882
0.424	0.010506	0.016609	0.00796742
0.425	0.0104786	0.0165948	0.00793507
0.426	0.0104723	0.0165851	0.00792789
0.427	0.0104438	0.0165679	0.00789986
0.428	0.0104185	0.0165347	0.00786851
0.429	0.0104348	0.0165537	0.00787359
0.43	0.010403	0.0165343	0.0078335
0.431	0.0103891	0.0165179	0.00782531
0.432	0.0103995	0.0165353	0.00782244
0.433	0.0103804	0.0165167	0.00779478
0.434	0.0103706	0.0165027	0.00778221
0.435	0.010348	0.0164781	0.00776341
0.436	0.0103522	0.0164947	0.00775194
0.437	0.0103298	0.01648	0.0077386
0.438	0.0103393	0.0164767	0.00773863
0.439	0.0103282	0.0164685	0.00772162
0.44	0.0102953	0.0164475	0.00767715
0.441	0.0102726	0.016425	0.00766081
0.442	0.0102448	0.0164039	0.00762165
0.443	0.0102613	0.0164096	0.00763298
0.444	0.0102693	0.0164302	0.0076327
0.445	0.0102554	0.0164145	0.0076064
0.446	0.0102195	0.0163792	0.00757543
0.447	0.0102129	0.0163767	0.0075671
0.448	0.010187	0.0163481	0.00754449
0.449	0.0102062	0.0163685	0.00755087
0.45	0.0101803	0.0163608	0.0075263
0.451	0.0101862	0.0163654	0.00751861
0.452	0.0101573	0.0163345	0.00749158
0.453	0.0101571	0.0163372	0.00747621
0.454	0.0101262	0.016313	0.00745438
0.455	0.0101161	0.0163056	0.00743179
0.456	0.0101184	0.0162898	0.00743388
0.457	0.0100984	0.0162889	0.00740679
0.458	0.0101122	0.016303	0.00740763
0.459	0.0100853	0.0162666	0.0073853
0.46	0.0100683	0.0162618	0.00736242
0.461	0.0100742	0.0162657	0.00735971
0.462	0.0100325	0.0162342	0.00731593
0.463	0.0100125	0.0162199	0.00729731
0.464	0.0100143	0.0162208	0.00728935
0.465	0.0100285	0.0162282	0.00729648
0.466	0.00997648	0.0161976	0.00724644
0.467	0.0099659	0.0161778	0.00722485
0.468	0.00998503	0.016209	0.00723971
0.469	0.00994387	0.0161539	0.0072014
0.47	0.00996388	0.0161721	0.00720997
0.471	0.00991953	0.016144	0.00716926
0.472	0.00992326	0.0161429	0.00717281
0.473	0.00991777	0.0161443	0.00715347
0.474	0.00993257	0.0161558	0.00716156
0.475	0.00990079	0.0161232	0.00712681
0.476	0.00990722	0.0161443	0.00711796
0.477	0.00985247	0.0160927	0.00707278
0.478	0.0098803	0.0161183	0.00709199
0.479	0.00985256	0.0160916	0.00706087
0.48	0.00985959	0.0161094	0.00705429
0.481	0.00980846	0.0160549	0.00700933
0.482	0.0098041	0.0160518	0.00700391
0.483	0.00979795	0.0160526	0.0069854
0.484	0.00982078	0.0160682	0.00700315
0.485	0.00977293	0.0160276	0.0069578
0.486	0.00977081	0.0160179	0.00694793
0.487	0.00975394	0.0160222	0.00693529
0.488	0.00975225	0.0160053	0.00692263
0.489	0.00973903	0.0159954	0.00691042
0.49	0.00970758	0.0159727	0.00687468
0.491	0.00970979	0.0159751	0.00686944
0.492	0.0096933	0.0159585	0.0068524
0.493	0.00969778	0.015962	0.0068514
0.494	0.00967015	0.0159486	0.0068116
0.495	0.00965242	0.0159389	0.00680047
0.496	0.00965085	0.0159359	0.00679455
0.497	0.00965643	0.0159406	0.00678969
0.498	0.00965382	0.015939	0.00678284
0.499	0.00960638	0.0158984	0.00674337
0.5	0.00961597	0.0158993	0.006743
0.501	0.00960927	0.0158931	0.00672999
0.502	0.00961345	0.015907	0.00671573
0.503	0.00957288	0.0158621	0.00669806
0.504	0.00957377	0.0158636	0.00668623
0.505	0.00955046	0.0158481	0.00665747
0.506	0.00953682	0.0158413	0.00663409
0.507	0.00953007	0.0158297	0.0066337
0.508	0.00951226	0.0158079	0.00660756
0.509	0.00949465	0.0158029	0.00659178
0.51	0.00949022	0.0157934	0.00657838
0.511	0.00946237	0.0157752	0.00655326
0.512	0.00946481	0.0157781	0.00654229
0.513	0.009462	0.0157701	0.00654833
0.514	0.00945258	0.0157643	0.00652261
0.515	0.00941819	0.0157394	0.00648645
0.516	0.00943053	0.0157465	0.00649633
0.517	0.00942462	0.0157447	0.00648093
0.518	0.00940646	0.0157276	0.006466
0.519	0.00936458	0.0156945	0.00642329
0.52	0.00937214	0.0157009	0.00642867
0.521	0.00937968	0.0157033	0.00641978
0.522	0.0093537	0.015684	0.00640422
0.523	0.00933643	0.0156782	0.0063853
0.524	0.00933988	0.0156725	0.00637815
0.525	0.00933325	0.0156738	0.00637523
0.526	0.00933902	0.0156781	0.00636046
0.527	0.00930993	0.0156443	0.00634684
0.528	0.0093161	0.0156581	0.00633227
0.529	0.00929701	0.0156334	0.00631868
0.53	0.00928126	0.0156281	0.00629795
0.531	0.00925561	0.0156055	0.00627267
0.532	0.00923691	0.0155706	0.00625663
0.533	0.00923104	0.0155807	0.00624059
0.534	0.00922711	0.0155793	0.00623002
0.535	0.00922995	0.0155709	0.00623774
0.536	0.00918413	0.0155314	0.0061915
0.537	0.00919771	0.0155584	0.0061949
0.538	0.00917726	0.015536	0.00617349
0.539	0.00915697	0.0155251	0.00615066
0.54	0.00917078	0.0155329	0.00616754
0.541	0.00914421	0.0155244	0.00612531
0.542	0.009116	0.0154843	0.00611198
0.543	0.00913261	0.0155012	0.00610751
0.544	0.00910175	0.0154719	0.00609058
0.545	0.0090865	0.015455	0.0060692
0.546	0.00907523	0.0154459	0.00605644
0.547	0.00906979	0.0154472	0.00604063
0.548	0.00905167	0.0154368	0.00602823
0.549	0.0090493	0.0154341	0.00602197
0.55	0.00903516	0.0154151	0.00600764
0.551	0.00904221	0.0154222	0.00599899
0.552	0.00901873	0.0154001	0.00597831
0.553	0.00900374	0.0153832	0.00596033
0.554	0.00902699	0.0154072	0.00598222
0.555	0.00896393	0.0153555	0.00592481
0.556	0.00895661	0.0153495	0.00590941
0.557	0.0089871	0.0153699	0.00593374
0.558	0.00894651	0.0153449	0.00590279
0.559	0.00894546	0.0153425	0.00589765
0.56	0.00895106	0.0153273	0.00589868
0.561	0.00892106	0.0153238	0.00585911
0.562	0.00892548	0.0153223	0.00586625
0.563	0.00890635	0.0153125	0.00584863
0.564	0.00886204	0.0152688	0.0058058
0.565	0.00885347	0.0152623	0.00579231
0.566	0.00883242	0.0152457	0.00577027
0.567	0.00887214	0.0152637	0.0058036
0.568	0.00885997	0.0152507	0.00578933
0.569	0.00880425	0.015206	0.00572905
0.57	0.00882351	0.0152395	0.0057442
0.571	0.00881015	0.0152273	0.00572646
0.572	0.00880509	0.0152114	0.00572762
0.573	0.00876678	0.0151854	0.00568421
0.574	0.00877101	0.0151744	0.00568621
0.575	0.00875157	0.0151705	0.00566554
0.576	0.00874229	0.0151607	0.00566359
0.577	0.00872535	0.0151273	0.00564236
0.578	0.0087097	0.0151397	0.0056233
0.579	0.00870746	0.0151214	0.00561228
0.58	0.00871459	0.0151192	0.00562364
0.581	0.00872309	0.0151235	0.00563022
0.582	0.00863655	0.0150577	0.00555013
0.583	0.00866996	0.0150803	0.00557813
0.584	0.00864906	0.0150746	0.0055585
0.585	0.00862226	0.015049	0.00553469
0.586	0.00867016	0.0150839	0.00555147
0.587	0.00862861	0.0150307	0.00553033
0.588	0.00858304	0.015002	0.00549059
0.589	0.00858443	0.0150076	0.00548906
0.59	0.00859583	0.0150262	0.00549092
0.591	0.00856938	0.0149943	0.00547267
0.592	0.00858302	0.0150052	0.00548274
0.593	0.00854057	0.014971	0.00543814
0.594	0.00855245	0.0149818	0.00544361
0.595	0.00855399	0.0149746	0.00545253
0.596	0.00853572	0.0149538	0.00543865
0.597	0.00851332	0.0149453	0.00540005
0.598	0.00851041	0.0149399	0.00540102
0.599	0.00849071	0.0149166	0.00538271
0.6	0.00846534	0.0149014	0.00535853
0.601	0.0084362	0.0148654	0.0053398
0.602	0.00844245	0.0148642	0.00533527
0.603	0.00843275	0.0148605	0.00532898
0.604	0.00842837	0.0148549	0.00531642
0.605	0.00841724	0.0148485	0.00530849
0.606	0.00839141	0.014827	0.00528429
0.607	0.00839859	0.0148274	0.00529038
0.608	0.00836457	0.0147918	0.00525462
0.609	0.00835318	0.0147874	0.00524144
0.61	0.00833901	0.0147729	0.00522884
0.611	0.00833969	0.0147775	0.00523248
0.612	0.0083514	0.0147656	0.00523861
0.613	0.00832083	0.0147413	0.00521796
0.614	0.00833656	0.014759	0.00522582
0.615	0.00833472	0.0147471	0.00522383
0.616	0.0082838	0.0147194	0.00517482
0.617	0.0082699	0.0147014	0.00516179
0.618	0.00828483	0.0146956	0.00517382
0.619	0.0082589	0.0146909	0.00514972
0.62	0.00825771	0.0146854	0.00514642
0.621	0.00825619	0.0146819	0.00514665
0.622	0.0082399	0.0146484	0.00514866
0.623	0.00818627	0.014616	0.00509258
0.624	0.00818027	0.0146293	0.0050689
0.625	0.00819314	0.0146133	0.00508574
0.626	0.00821242	0.0146258	0.00511572
0.627	0.00813654	0.0145652	0.00503442
0.628	0.00814546	0.0145598	0.00505152
0.629	0.00813403	0.0145702	0.00502734
0.63	0.00812935	0.0145586	0.00502913
0.631	0.00809405	0.0145187	0.004999
0.632	0.0081216	0.0145288	0.00501589
0.633	0.00809869	0.0145346	0.00499755
0.634	0.00806081	0.0144893	0.00497325
0.635	0.00804774	0.0144764	0.004959
0.636	0.0080533	0.0144569	0.00496374
0.637	0.00800636	0.0144352	0.00491574
0.638	0.00802921	0.0144344	0.00494159
0.639	0.00801938	0.0144463	0.00492979
0.64	0.00802043	0.0144198	0.00494018
0.641	0.00800299	0.0144224	0.0049219
0.642	0.00800195	0.0143909	0.0049232
0.643	0.00800761	0.014408	0.00492654
0.644	0.00800488	0.0143978	0.00492695
0.645	0.00799299	0.0143838	0.0049178
0.646	0.00794354	0.0143369	0.00487092
0.647	0.00794789	0.0143332	0.00487805
0.648	0.00791664	0.0143119	0.00484618
0.649	0.0079498	0.0143407	0.00487471
0.65	0.00791243	0.0143026	0.00483656
0.651	0.0079134	0.0142957	0.00485373
0.652	0.00787948	0.014262	0.0048201
0.653	0.00787736	0.0142474	0.00481052
0.654	0.00785035	0.0142338	0.00479442
0.655	0.00785159	0.0142177	0.00479913
0.656	0.00787472	0.0142498	0.00481814
0.657	0.00781338	0.0141972	0.00476377
0.658	0.00784189	0.0142126	0.00479546
0.659	0.00780838	0.0141827	0.00475629
0.66	0.0077806	0.0141543	0.00474102
0.661	0.00777674	0.0141236	0.00474096
0.662	0.00776461	0.014132	0.00472416
0.663	0.00778039	0.0141336	0.0047521
0.664	0.00775477	0.0141079	0.00472298
0.665	0.00779465	0.0141367	0.00475271
0.666	0.00771846	0.0140638	0.00469416
0.667	0.00773666	0.0140738	0.00470549
0.668	0.00771482	0.0140511	0.00469822
0.669	0.00771024	0.0140406	0.00470445
0.67	0.00770213	0.0140242	0.00468512
0.671	0.00769893	0.0140423	0.0046736
0.672	0.00770263	0.0140298	0.00469764
0.673	0.00763565	0.0139737	0.00462958
0.674	0.00762688	0.0139544	0.00463187
0.675	0.00766673	0.0139976	0.00466581
0.676	0.0076179	0.0139291	0.00463506
0.677	0.00760889	0.0139412	0.00462068
0.678	0.0076124	0.0139128	0.00463516
0.679	0.0075968	0.0139048	0.00460889
0.68	0.00757642	0.0138717	0.00460651
0.681	0.00758099	0.0138842	0.00460055
0.682	0.00754395	0.0138459	0.00456347
0.683	0.00756282	0.0138574	0.00458888
0.684	0.00753562	0.0138273	0.00457474
0.685	0.00750764	0.0137739	0.00455796
0.686	0.00753763	0.0137953	0.00457344
0.687	0.00749485	0.0137583	0.00454922
0.688	0.00747046	0.0137323	0.00453537
0.689	0.00746676	0.0137439	0.00452341
0.69	0.00746155	0.0137279	0.00452452
0.691	0.00745544	0.0137059	0.00452997
0.692	0.00744165	0.0136873	0.00452554
0.693	0.00744462	0.0136899	0.00451685
0.694	0.00743574	0.0136589	0.00452015
0.695	0.00747662	0.01368	0.00455944
0.696	0.00743065	0.0136287	0.00452699
0.697	0.00741602	0.0136274	0.0045135
0.698	0.00737615	0.0135745	0.00448257
0.699	0.00734259	0.0135568	0.00445648
0.7	0.00737211	0.0135773	0.0044818
0.701	0.0073579	0.0135475	0.00448416
0.702	0.00736133	0.0135551	0.00447243
0.703	0.00734307	0.0135167	0.00446018
0.704	0.00734464	0.0135171	0.00447863
0.705	0.00730957	0.0134654	0.00444641
0.706	0.0073065	0.0134726	0.00444691
0.707	0.00733055	0.0134721	0.00446745
0.708	0.00730252	0.0134406	0.004457
0.709	0.00726379	0.0133977	0.00442977
0.71	0.00727472	0.0134085	0.00443148
0.711	0.00728021	0.013359	0.00445177
0.712	0.00728929	0.0134075	0.00445935
0.713	0.00726775	0.0133556	0.00445459
0.714	0.007233	0.0133112	0.00442686
0.715	0.00724219	0.0133352	0.00442588
0.716	0.00721269	0.0133062	0.00440705
0.717	0.00720701	0.0132622	0.00440563
0.718	0.00718549	0.0132534	0.00439553
0.719	0.007191	0.0132524	0.00439931
0.72	0.00716768	0.0132058	0.00439386
0.721	0.00717465	0.0131951	0.00440461
0.722	0.0071967	0.0132112	0.00444002
0.723	0.0071374	0.0131639	0.00437889
0.724	0.00718853	0.0131823	0.00442594
0.725	0.00709736	0.0131059	0.00435395
0.726	0.00708665	0.0130932	0.00435364
0.727	0.00713756	0.0131141	0.00439612
0.728	0.00710671	0.0130752	0.00438046
0.729	0.00707278	0.0130382	0.00435958
0.73	0.007081	0.0130383	0.00436175
0.731	0.00707584	0.0130059	0.00437074
0.732	0.00711318	0.0130418	0.00439352
0.733	0.00700978	0.0129578	0.00432019
0.734	0.00703001	0.0129623	0.00435467
0.735	0.00704538	0.0129235	0.00436735
0.736	0.00704134	0.0129263	0.00435801
0.737	0.00702479	0.0129068	0.00436151
0.738	0.00701603	0.0128973	0.00436338
0.739	0.00700763	0.012871	0.00434751
0.74	0.00698969	0.0128541	0.00433653
0.741	0.00697937	0.0128016	0.00433293
0.742	0.0069863	0.0128168	0.00435366
0.743	0.00695456	0.0127786	0.0043331
0.744	0.00697499	0.0127604	0.004345
0.745	0.00693785	0.0127315	0.00431552
0.746	0.0069663	0.0127288	0.00435825
0.747	0.00697022	0.0127278	0.00435595
0.748	0.00689604	0.0126438	0.0043127
0.749	0.00689855	0.0126595	0.00429991
0.75	0.00690985	0.0126376	0.0043336
0.751	0.00690767	0.0125943	0.00433806
0.752	0.00689195	0.0125835	0.00432081
0.753	0.00688531	0.012573	0.00432637
0.754	0.00685274	0.0125404	0.00429739
0.755	0.00686207	0.0125129	0.004317
0.756	0.00681046	0.0124637	0.00427613
0.757	0.00685022	0.0125095	0.00430962
0.758	0.00686018	0.0124778	0.00434141
0.759	0.00678396	0.0124178	0.00427499
0.76	0.00680596	0.0124079	0.00429726
0.761	0.00682634	0.0124015	0.00431369
0.762	0.00677273	0.0123453	0.00428179
0.763	0.00677084	0.012349	0.00428032
0.764	0.00676579	0.0123182	0.00427027
0.765	0.00681109	0.0123328	0.00432696
0.766	0.00674163	0.0122403	0.00429389
0.767	0.00674424	0.0122429	0.00428999
0.768	0.00683057	0.0122653	0.00438766
0.769	0.00673914	0.0121899	0.00429251
0.77	0.00676928	0.0122108	0.00432623
0.771	0.00674635	0.0121587	0.004313
0.772	0.00670749	0.0121077	0.00427653
0.773	0.00670962	0.0120997	0.00429543
0.774	0.00669334	0.0120786	0.00427858
0.775	0.00669644	0.0120755	0.00428009
0.776	0.00666991	0.0120283	0.00428033
0.777	0.00675345	0.0120305	0.00436411
0.778	0.00674421	0.0120233	0.0043435
0.779	0.00666313	0.011982	0.00428389
0.78	0.00663124	0.0119087	0.004265
0.781	0.00666687	0.0118813	0.00430747
0.782	0.00665908	0.0118884	0.0043044
0.783	0.00662872	0.01183	0.00429652
0.784	0.00661742	0.0118341	0.00427163
0.785	0.00662639	0.011812	0.0042928
0.786	0.0066078	0.0117703	0.00427988
0.787	0.00661216	0.0117135	0.00430713
0.788	0.00662391	0.0117296	0.00432246
0.789	0.00659806	0.011704	0.00428604
0.79	0.00660425	0.0116812	0.00431265
0.791	0.00655699	0.0116187	0.00426594
0.792	0.00657418	0.0116335	0.00429089
0.793	0.00653268	0.011567	0.0042577
0.794	0.00655326	0.0115723	0.00427214
0.795	0.00657678	0.0115769	0.0042999
0.796	0.0065162	0.0114897	0.00426021
0.797	0.0065105	0.011459	0.00426061
0.798	0.00653178	0.0114284	0.00430298
0.799	0.00654903	0.0114185	0.00431288
0.8	0.00655208	0.01141	0.00431052
0.801	0.00652487	0.0113458	0.00430466
0.802	0.00649451	0.0113176	0.0042741
0.803	0.00650971	0.0113175	0.00429811
0.804	0.00640403	0.0112294	0.00420825
0.805	0.00649348	0.0112381	0.00430088
0.806	0.00645512	0.0111711	0.00428621
0.807	0.00651254	0.0111936	0.00433142
0.808	0.00644656	0.0111248	0.00426683
0.809	0.0064521	0.0111168	0.00428907
0.81	0.00643977	0.0110856	0.00427848
0.811	0.00646373	0.0110718	0.00431061
0.812	0.00643718	0.0110076	0.00427937
0.813	0.00640044	0.0109813	0.00425473
0.814	0.00642375	0.0109888	0.00429228
0.815	0.00632947	0.010883	0.00422218
0.816	0.00644836	0.0109174	0.00433346
0.817	0.00642852	0.0108536	0.00430845
0.818	0.00636843	0.0108057	0.00426835
0.819	0.00642522	0.0108377	0.00432314
0.82	0.00633219	0.0107423	0.00425114
0.821	0.00644052	0.0107402	0.00435471
0.822	0.00643236	0.0107356	0.00434055
0.823	0.00633028	0.0106515	0.00426792
0.824	0.00640503	0.0106771	0.00432248
0.825	0.00635681	0.0105657	0.00431205
0.826	0.00635185	0.0105894	0.00428065
0.827	0.00637141	0.01055	0.00432968
0.828	0.00640578	0.0105041	0.00434678
0.829	0.0064063	0.0104975	0.00436261
0.83	0.00635188	0.0104196	0.00433181
0.831	0.00647605	0.010407	0.00443369
0.832	0.00633423	0.0103681	0.00431502
0.833	0.00638241	0.0103667	0.00436153
0.834	0.00635826	0.0102909	0.00435409
0.835	0.00638144	0.0102976	0.00436417
0.836	0.00631664	0.0102431	0.00431758
0.837	0.00631006	0.010183	0.00431374
0.838	0.00632956	0.0101866	0.00433332
0.839	0.00622609	0.0100569	0.00425226
0.84	0.00637131	0.0100894	0.00438411
0.841	0.00631105	0.0100286	0.00435746
0.842	0.00625304	0.00994176	0.0043042
0.843	0.00627068	0.00993715	0.00432614
0.844	0.00638718	0.00996118	0.00443505
0.845	0.00630833	0.00989032	0.00437328
0.846	0.00640161	0.00993821	0.00446228
0.847	0.00628457	0.00982402	0.0043572
0.848	0.00640099	0.00980665	0.00446903
0.849	0.00629845	0.00973852	0.00438769
0.85	0.00634497	0.0096962	0.00442573
0.851	0.00635311	0.0096907	0.00443387
0.852	0.00633286	0.00961405	0.00442665
0.853	0.00630233	0.00958113	0.00441012
0.854	0.00622028	0.00952957	0.004332
0.855	0.00628247	0.00951334	0.00439783
0.856	0.00633179	0.00945674	0.00443952
0.857	0.00635103	0.00943038	0.00446321
0.858	0.00631144	0.00935147	0.00445257
0.859	0.00638726	0.00937967	0.00449837
0.86	0.00628928	0.00929796	0.00442815
0.861	0.00639482	0.00929691	0.00452357
0.862	0.00630631	0.00925323	0.00444997
0.863	0.00628988	0.00913686	0.00443412
0.864	0.00631401	0.00915525	0.00445209
0.865	0.00633477	0.00907508	0.00448456
0.866	0.00626728	0.00905984	0.00443681
0.867	0.00637475	0.00906004	0.00452041
0.868	0.00627821	0.00892541	0.00444977
0.869	0.00639129	0.00894578	0.0045588
0.87	0.00636749	0.00889985	0.00454241
0.871	0.00632084	0.00879456	0.0045187
0.872	0.00635352	0.00877014	0.00452907
0.873	0.00641684	0.00875273	0.0045828
0.874	0.00632813	0.00872822	0.00451758
0.875	0.00637821	0.00864451	0.00456999
0.876	0.00644314	0.00863509	0.00461969
0.877	0.00637776	0.00850761	0.00457246
0.878	0.00646283	0.00850665	0.00465907
0.879	0.00634957	0.00842064	0.00455999
0.88	0.00637655	0.00838633	0.00458605
0.881	0.0064237	0.00831238	0.00462381
0.882	0.00640463	0.00830352	0.004612
0.883	0.0064938	0.0082711	0.0047052
0.884	0.00644595	0.00821254	0.00466512
0.885	0.00663172	0.00819628	0.00482809
0.886	0.0064708	0.00810416	0.00468437
0.887	0.00656369	0.00809665	0.00475625
0.888	0.00656894	0.00800041	0.00477521
0.889	0.00652334	0.00792821	0.00473049
0.89	0.00654311	0.00789076	0.00475865
0.891	0.00653514	0.00782959	0.00475195
0.892	0.00661282	0.00781562	0.00481841
0.893	0.00647559	0.00770006	0.00469226
0.894	0.00663318	0.00768421	0.00482679
0.895	0.00664209	0.00765794	0.00484165
0.896	0.00660039	0.00755861	0.00480333
0.897	0.00687597	0.0075721	0.0050531
0.898	0.00664576	0.0075051	0.00483878
0.899	0.00675208	0.00741159	0.00494011
0.9	0.00682667	0.00739191	0.00500922
0.901	0.00682878	0.00732874	0.00500575
0.902	0.00686122	0.0072896	0.00502211
0.903	0.00694197	0.00728818	0.00509196
0.904	0.00693924	0.00718471	0.00510127
0.905	0.00698301	0.00710447	0.00512343
0.906	0.00705905	0.00707385	0.00519706
0.907	0.00705554	0.00701146	0.00519657
0.908	0.00710371	0.00693299	0.00523033
0.909	0.00718215	0.00690837	0.00529115
0.91	0.00713111	0.00680782	0.00524057
0.911	0.00705189	0.00674455	0.00517283
0.912	0.00727033	0.00673291	0.00535336
0.913	0.00739285	0.00673612	0.00544513
0.914	0.00733538	0.00661872	0.00538718
0.915	0.00747497	0.00652594	0.00551958
0.916	0.00773093	0.00653571	0.00573381
0.917	0.00766471	0.00644302	0.00564663
0.918	0.00776273	0.0063507	0.00574552
0.919	0.00772151	0.00631037	0.00569405
0.92	0.00799925	0.00630358	0.00593259
0.921	0.00807513	0.00626694	0.00597584
0.922	0.00798568	0.00616216	0.00589353
0.923	0.00801753	0.00611817	0.00591553
0.924	0.00823228	0.00606812	0.00607593
0.925	0.00849196	0.00607201	0.0063079
0.926	0.00834644	0.00595647	0.00617069
0.927	0.00842869	0.00580531	0.00623643
0.928	0.00851513	0.00576922	0.00629077
0.929	0.00871552	0.00576931	0.00645156
0.93	0.00889901	0.00569604	0.00657758
0.931	0.00878991	0.00564702	0.00646184
0.932	0.00910167	0.00563753	0.00671643
0.933	0.00909657	0.0055415	0.00668894
0.934	0.0092067	0.00539261	0.00675773
0.935	0.00942093	0.0053943	0.00691933
0.936	0.00958602	0.00539521	0.00703646
0.937	0.0101229	0.00537058	0.00747884
0.938	0.00994487	0.00519224	0.00729766
0.939	0.0102304	0.00521692	0.00751709
0.94	0.0100634	0.00502914	0.00732847
0.941	0.0108309	0.00509879	0.00796571
0.942	0.0107829	0.00498064	0.00787611
0.943	0.0115591	0.00501642	0.00850901
0.944	0.0114745	0.00490245	0.00842913
0.945	0.0116655	0.00486504	0.00855269
0.946	0.0123876	0.00486402	0.00910972
0.947	0.0127081	0.00481813	0.00929567
0.948	0.0123256	0.00462792	0.00893182
0.949	0.0134139	0.00474595	0.00981541
0.95	0.0137077	0.00467721	0.0100095
0.951	0.0135267	0.00445402	0.00978808
0.952	0.0145642	0.00464394	0.0106106
0.953	0.015021	0.00460732	0.0109493
0.954	0.0147692	0.00441748	0.0106473
0.955	0.0158335	0.00433002	0.0114256
0.956	0.0163985	0.0043608	0.0118564
0.957	0.0167797	0.00437578	0.0120845
0.958	0.0184128	0.00443213	0.0133232
0.959	0.0190282	0.00438608	0.0137599
0.96	0.0198702	0.00432831	0.0143799
0.961	0.0204011	0.00428838	0.0146569
0.962	0.0213206	0.00430412	0.0153203
0.963	0.0219322	0.00415088	0.015629
0.964	0.024129	0.00455209	0.0174416
0.965	0.026169	0.004475	0.0188634
0.966	0.027232	0.00449339	0.0195789
0.967	0.0297247	0.00463712	0.0214663
0.968	0.0326896	0.00476601	0.0236856
0.969	0.0337447	0.00470854	0.0242296
0.97	0.0357215	0.00491063	0.0257835
0.971	0.0378903	0.00472767	0.0270191
0.972	0.0405708	0.00481804	0.0289925
0.973	0.0463044	0.00527609	0.0331373
0.974	0.0478345	0.0051418	0.0341659
0.975	0.0521838	0.00540379	0.037126
0.976	0.0568705	0.00565556	0.0407099
0.977	0.0612963	0.0061786	0.0438189
0.978	0.0673053	0.0065062	0.0475617
0.979	0.0745194	0.00674795	0.0530651
0.98	0.0808114	0.00717521	0.0573739
0.981	0.0891761	0.00804431	0.0635766
0.982	0.0964125	0.00805018	0.0683519
0.983	0.102551	0.00960105	0.0732765
0.984	0.116223	0.010129	0.08332
0.985	0.129537	0.0128863	0.0938138
0.986	0.138957	0.0124361	0.100152
0.987	0.149428	0.013202	0.10534
0.988	0.163477	0.0183066	0.117819
0.989	0.184513	0.020123	0.134604
0.99	0.196492	0.022831	0.143177
0.991	0.213941	0.0263181	0.156731
0.992	0.235035	0.0321013	0.174869
0.993	0.237685	0.035357	0.174886
0.994	0.266336	0.0445839	0.196825
0.995	0.293176	0.0588088	0.219966
0.996	0.318164	0.0721874	0.239891
0.997	0.340929	0.0883221	0.256578
0.998	0.362963	0.109999	0.275177
