L	opf	cc	jcc
0.6	0.00847522	0.0137616	0.0121477
0.6008	0.00845033	0.0137452	0.0121272
0.6016	0.00845582	0.0137396	0.0121188
0.6024	0.00845141	0.0137339	0.0121105
0.6032	0.00845082	0.0137194	0.0120943
0.604	0.0084433	0.0137172	0.0120886
0.6048	0.00842223	0.0136927	0.0120618
0.6056	0.00839257	0.013668	0.0120335
0.6064	0.00840698	0.0136595	0.0120247
0.6072	0.0083945	0.0136515	0.0120113
0.608	0.0083945	0.0136474	0.0120042
0.6088	0.00836415	0.0136153	0.0119707
0.6096	0.0083606	0.0136062	0.0119583
0.6104	0.0083719	0.0136069	0.0119568
0.6112	0.00835111	0.0135934	0.0119386
0.612	0.00834943	0.0135762	0.011921
0.6128	0.00833009	0.013561	0.0119024
0.6136	0.00832161	0.0135441	0.0118837
0.6144	0.00832321	0.0135376	0.0118742
0.6152	0.00829852	0.0135161	0.0118496
0.616	0.00829297	0.0135015	0.0118319
0.6168	0.00827765	0.0134843	0.0118129
0.6176	0.00826917	0.013474	0.011799
0.6184	0.00826971	0.0134658	0.011788
0.6192	0.00825543	0.0134522	0.0117706
0.62	0.00825061	0.0134373	0.0117545
0.6208	0.00825713	0.0134344	0.0117492
0.6216	0.00825175	0.0134283	0.0117383
0.6224	0.00821007	0.01339	0.0116979
0.6232	0.00821078	0.013385	0.0116889
0.624	0.00820164	0.0133674	0.0116694
0.6248	0.00817523	0.0133424	0.0116425
0.6256	0.00818797	0.0133493	0.0116442
0.6264	0.00817701	0.0133303	0.0116235
0.6272	0.0081705	0.013319	0.0116091
0.628	0.00816577	0.0133085	0.0115966
0.6288	0.00814999	0.013287	0.0115715
0.6296	0.00813074	0.0132746	0.0115552
0.6304	0.00812679	0.0132599	0.0115389
0.6312	0.00812715	0.0132516	0.0115275
0.632	0.00810873	0.0132223	0.0114967
0.6328	0.00810378	0.0132182	0.0114895
0.6336	0.00809082	0.0132091	0.0114755
0.6344	0.00808781	0.0131908	0.0114554
0.6352	0.00806758	0.0131797	0.0114387
0.636	0.00808353	0.0131711	0.0114297
0.6368	0.00804919	0.0131525	0.011406
0.6376	0.00805001	0.0131322	0.0113853
0.6384	0.0080351	0.0131192	0.0113689
0.6392	0.0080314	0.0131024	0.0113501
0.64	0.00802708	0.0130977	0.0113409
0.6408	0.00800262	0.01308	0.0113182
0.6416	0.00799733	0.0130638	0.0113011
0.6424	0.00799006	0.0130511	0.0112849
0.6432	0.00798457	0.0130397	0.0112705
0.644	0.00796115	0.0130121	0.0112413
0.6448	0.00798137	0.0130198	0.0112443
0.6456	0.00796097	0.0129979	0.01122
0.6464	0.00793634	0.0129707	0.0111902
0.6472	0.00795473	0.0129756	0.011191
0.648	0.00794774	0.0129692	0.0111799
0.6488	0.0078979	0.0129282	0.0111363
0.6496	0.00790992	0.0129248	0.0111306
0.6504	0.00790646	0.0129097	0.0111132
0.6512	0.00790514	0.0129079	0.0111076
0.652	0.00787046	0.0128701	0.0110668
0.6528	0.00787761	0.0128745	0.0110671
0.6536	0.00788594	0.0128657	0.0110561
0.6544	0.00786964	0.0128564	0.0110419
0.6552	0.00786726	0.0128298	0.011015
0.656	0.00782772	0.0128046	0.0109849
0.6568	0.00783785	0.0128031	0.0109805
0.6576	0.00784425	0.012788	0.0109634
0.6584	0.00779772	0.0127595	0.0109303
0.6592	0.00781666	0.0127568	0.0109257
0.66	0.00779861	0.012742	0.0109062
0.6608	0.00777742	0.012717	0.0108796
0.6616	0.00777688	0.0127066	0.0108659
0.6624	0.0077684	0.0126952	0.0108496
0.6632	0.0077497	0.0126664	0.0108201
0.664	0.00774327	0.0126656	0.0108133
0.6648	0.00775662	0.0126635	0.0108083
0.6656	0.00773548	0.0126363	0.0107783
0.6664	0.00774868	0.0126373	0.0107762
0.6672	0.00771377	0.0126076	0.010742
0.668	0.00770401	0.0125951	0.0107265
0.6688	0.00770076	0.0125737	0.0107037
0.6696	0.00769491	0.012566	0.0106921
0.6704	0.00771148	0.0125758	0.0106953
0.6712	0.00767571	0.0125364	0.0106553
0.672	0.00769544	0.0125385	0.0106532
0.6728	0.00765485	0.0125062	0.0106174
0.6736	0.0076547	0.0124937	0.0106018
0.6744	0.00764538	0.0124814	0.0105862
0.6752	0.00763289	0.0124656	0.010567
0.676	0.0076068	0.0124293	0.0105289
0.6768	0.00761086	0.0124314	0.0105263
0.6776	0.00762247	0.0124242	0.0105161
0.6784	0.00759118	0.0123905	0.01048
0.6792	0.0076141	0.0124005	0.0104854
0.68	0.00759905	0.0123803	0.0104617
0.6808	0.00756754	0.0123479	0.0104271
0.6816	0.00755929	0.0123403	0.0104142
0.6824	0.00756244	0.0123295	0.0104004
0.6832	0.00754808	0.012313	0.0103794
0.684	0.00752841	0.0122904	0.0103544
0.6848	0.00752174	0.0122737	0.0103344
0.6856	0.00752376	0.0122618	0.0103204
0.6864	0.00752713	0.012255	0.0103092
0.6872	0.00751895	0.0122328	0.0102851
0.688	0.00750922	0.0122221	0.0102699
0.6888	0.0074803	0.0121962	0.0102409
0.6896	0.00748112	0.0121928	0.010232
0.6904	0.0074599	0.0121609	0.0101974
0.6912	0.00747291	0.0121561	0.0101898
0.692	0.00746097	0.0121444	0.0101723
0.6928	0.00746321	0.0121365	0.0101621
0.6936	0.00743954	0.0121086	0.0101319
0.6944	0.00743988	0.0120982	0.0101184
0.6952	0.0074166	0.0120797	0.010094
0.696	0.00743206	0.0120721	0.0100843
0.6968	0.00740046	0.0120421	0.0100501
0.6976	0.00740103	0.0120319	0.0100367
0.6984	0.00737979	0.0120163	0.0100154
0.6992	0.00738165	0.011994	0.00999239
0.7	0.0073829	0.0119807	0.00997468
0.7008	0.0073426	0.0119457	0.00993796
0.7016	0.00736323	0.0119495	0.00993655
0.7024	0.00733909	0.011929	0.00991203
0.7032	0.00734307	0.0119127	0.00989413
0.704	0.00734488	0.0119009	0.00987918
0.7048	0.00733831	0.0118901	0.00986337
0.7056	0.00734428	0.0118762	0.00984601
0.7064	0.0073068	0.0118507	0.00981493
0.7072	0.00729123	0.011829	0.00979065
0.708	0.00729555	0.0118164	0.00977457
0.7088	0.00728119	0.0117919	0.00974798
0.7096	0.0072895	0.0117873	0.00973939
0.7104	0.00727335	0.0117758	0.00972231
0.7112	0.00724855	0.0117459	0.00968933
0.712	0.0072396	0.0117262	0.00966623
0.7128	0.00723801	0.0117118	0.00964787
0.7136	0.0072446	0.011696	0.00963044
0.7144	0.00724272	0.0116906	0.00961939
0.7152	0.00723608	0.0116732	0.00959847
0.716	0.00722526	0.0116548	0.00957646
0.7168	0.00719168	0.0116275	0.0095441
0.7176	0.0071957	0.0116175	0.00953119
0.7184	0.00718849	0.0115954	0.00950585
0.7192	0.00717372	0.0115696	0.00947871
0.72	0.00717547	0.0115703	0.00947148
0.7208	0.0071745	0.0115465	0.00944673
0.7216	0.00715715	0.0115321	0.00942586
0.7224	0.00714111	0.0114972	0.00938976
0.7232	0.007144	0.0114932	0.00938076
0.724	0.00714034	0.0114748	0.00935976
0.7248	0.0071392	0.0114548	0.00933705
0.7256	0.00713875	0.0114406	0.00931893
0.7264	0.00711899	0.0114264	0.00929918
0.7272	0.00710507	0.0113997	0.00926917
0.728	0.00711975	0.0113974	0.00926364
0.7288	0.00709721	0.0113718	0.00923384
0.7296	0.00708873	0.0113534	0.00921084
0.7304	0.0070863	0.0113287	0.0091842
0.7312	0.00707014	0.011306	0.0091582
0.732	0.00704765	0.0112849	0.00913243
0.7328	0.00705771	0.0112738	0.00911808
0.7336	0.00706513	0.0112652	0.00910445
0.7344	0.00701563	0.0112236	0.0090607
0.7352	0.0070352	0.0112165	0.00904924
0.736	0.00703069	0.0112018	0.00903007
0.7368	0.00704193	0.0111836	0.00901176
0.7376	0.0070096	0.0111627	0.0089834
0.7384	0.00699814	0.0111334	0.00895275
0.7392	0.00698969	0.0111191	0.00893249
0.74	0.00698353	0.0111031	0.00891228
0.7408	0.00698649	0.0110864	0.00889279
0.7416	0.00697116	0.0110576	0.00886188
0.7424	0.00697133	0.011041	0.00884198
0.7432	0.00695327	0.0110248	0.00881906
0.744	0.00694626	0.0110037	0.00879374
0.7448	0.0069274	0.0109842	0.00876885
0.7456	0.00693075	0.0109633	0.00874656
0.7464	0.00691933	0.0109438	0.00872273
0.7472	0.00692796	0.0109307	0.00870669
0.748	0.00691799	0.0109176	0.00868806
0.7488	0.00692293	0.0108976	0.00866481
0.7496	0.00689931	0.0108697	0.00863264
0.7504	0.00687079	0.0108386	0.00859798
0.7512	0.00687036	0.0108205	0.00857587
0.752	0.00685641	0.0107924	0.00854576
0.7528	0.00685919	0.0107852	0.00853137
0.7536	0.00688786	0.0107784	0.00852217
0.7544	0.00684425	0.0107434	0.00848199
0.7552	0.0068373	0.0107191	0.00845583
0.756	0.00684087	0.010705	0.00843636
0.7568	0.00685111	0.0106743	0.00840667
0.7576	0.00682927	0.0106662	0.00839013
0.7584	0.00680438	0.0106383	0.00835745
0.7592	0.00680987	0.0106184	0.00833387
0.76	0.00679011	0.0105879	0.00830131
0.7608	0.00681824	0.0105859	0.00829609
0.7616	0.00679698	0.0105574	0.0082622
0.7624	0.00678069	0.0105281	0.00823053
0.7632	0.00680598	0.0105287	0.00822392
0.764	0.00677201	0.0104893	0.00818262
0.7648	0.00678199	0.0104733	0.00816356
0.7656	0.0067689	0.0104457	0.00813241
0.7664	0.00676225	0.01044	0.00811838
0.7672	0.00676196	0.010418	0.00809439
0.768	0.00675086	0.0103945	0.00806606
0.7688	0.00674816	0.0103688	0.00803834
0.7696	0.00674269	0.0103355	0.00800397
0.7704	0.00674277	0.0103255	0.00798787
0.7712	0.00672587	0.0102949	0.00795216
0.772	0.00672492	0.0102876	0.00793872
0.7728	0.00669863	0.0102551	0.00790223
0.7736	0.00669673	0.0102293	0.00787356
0.7744	0.00670024	0.0102106	0.00785123
0.7752	0.00668201	0.0101865	0.00782207
0.776	0.00667933	0.0101584	0.00779195
0.7768	0.00668052	0.0101414	0.00777062
0.7776	0.00667561	0.0101095	0.00773693
0.7784	0.00668329	0.0101016	0.00772348
0.7792	0.00664575	0.0100793	0.00769217
0.78	0.00666653	0.010055	0.0076674
0.7808	0.00664755	0.0100161	0.00762768
0.7816	0.00663352	0.00999116	0.00759808
0.7824	0.00662899	0.00996098	0.00756562
0.7832	0.00662218	0.00995346	0.00754963
0.784	0.00662117	0.00992019	0.00751524
0.7848	0.00660023	0.00989009	0.00748203
0.7856	0.00660601	0.00987392	0.00746147
0.7864	0.00663566	0.00986424	0.00744712
0.7872	0.00658937	0.00982371	0.00740173
0.788	0.00660269	0.00982607	0.00739472
0.7888	0.00659143	0.00978645	0.00735432
0.7896	0.00657644	0.00975205	0.00731825
0.7904	0.00657998	0.00973334	0.00729438
0.7912	0.00656076	0.00970338	0.00726047
0.792	0.00658162	0.00968549	0.00723936
0.7928	0.00656465	0.00965461	0.00720583
0.7936	0.00655533	0.00963318	0.00717973
0.7944	0.00658709	0.00961479	0.00715829
0.7952	0.00654497	0.00958475	0.00712081
0.796	0.00652902	0.00955272	0.00708644
0.7968	0.00654137	0.00952714	0.00705948
0.7976	0.00654057	0.00950318	0.00703094
0.7984	0.00654642	0.00949092	0.00701151
0.7992	0.00651747	0.00945978	0.00697441
0.8	0.00652348	0.0094249	0.00694065
0.8008	0.00649981	0.00939737	0.00690719
0.8016	0.00654233	0.0093873	0.00689421
0.8024	0.00651267	0.0093506	0.00685365
0.8032	0.00651291	0.00931852	0.00682049
0.804	0.00650418	0.00929959	0.00679473
0.8048	0.00650197	0.00926856	0.00676093
0.8056	0.00645938	0.00922592	0.00671515
0.8064	0.0064838	0.0092066	0.00669148
0.8072	0.00646345	0.0091877	0.00666583
0.808	0.00644704	0.00916849	0.00663828
0.8088	0.00644499	0.00913206	0.00660136
0.8096	0.00643647	0.00909772	0.00656513
0.8104	0.00647535	0.00908902	0.00655291
0.8112	0.00645804	0.00904882	0.00650994
0.812	0.00643982	0.00902512	0.00647896
0.8128	0.00647607	0.00900823	0.00645925
0.8136	0.0064539	0.00897092	0.00641915
0.8144	0.00642559	0.00893465	0.00637897
0.8152	0.00639949	0.00889512	0.00633664
0.816	0.00642932	0.00888234	0.00632022
0.8168	0.00641326	0.00884877	0.00628176
0.8176	0.00641794	0.00882747	0.0062555
0.8184	0.00644118	0.00881244	0.00623696
0.8192	0.00637556	0.0087438	0.0061697
0.82	0.00641028	0.0087448	0.00616159
0.8208	0.00638921	0.00870525	0.00611971
0.8216	0.00643325	0.00868424	0.00609861
0.8224	0.00638859	0.00863657	0.00604769
0.8232	0.00642025	0.00861986	0.0060269
0.824	0.00637861	0.00858937	0.00599021
0.8248	0.0063935	0.00854508	0.00594901
0.8256	0.00637656	0.0085266	0.00592116
0.8264	0.0063909	0.00850343	0.0058942
0.8272	0.00636062	0.00846407	0.0058504
0.828	0.00632592	0.00842375	0.00580734
0.8288	0.00636446	0.00840972	0.00578888
0.8296	0.00639657	0.00838006	0.00575925
0.8304	0.00634946	0.00833909	0.00571365
0.8312	0.00635579	0.00831218	0.00568323
0.832	0.00638188	0.00829777	0.0056631
0.8328	0.0063225	0.00824565	0.00560749
0.8336	0.00634306	0.0082279	0.00558556
0.8344	0.00634713	0.00818232	0.00554358
0.8352	0.00632754	0.00814396	0.0055017
0.836	0.00633528	0.0081181	0.0054707
0.8368	0.00626472	0.00807359	0.00541916
0.8376	0.00633261	0.00804958	0.00539709
0.8384	0.00635203	0.00803269	0.0053745
0.8392	0.00634963	0.00799349	0.00533437
0.84	0.00630836	0.00795157	0.00528917
0.8408	0.00629194	0.00790759	0.00524366
0.8416	0.00635303	0.00790704	0.00523643
0.8424	0.00630319	0.00785382	0.00518213
0.8432	0.00632971	0.00784295	0.00516482
0.844	0.00633475	0.00778777	0.00511314
0.8448	0.00630687	0.00774963	0.00507147
0.8456	0.00632207	0.00771661	0.00503765
0.8464	0.00631961	0.00769397	0.00500802
0.8472	0.00627727	0.0076425	0.0049557
0.848	0.00633758	0.00763223	0.0049414
0.8488	0.0062822	0.00756332	0.00487691
0.8496	0.00630878	0.00755031	0.00485734
0.8504	0.00632242	0.00751079	0.00481684
0.8512	0.00628214	0.00748338	0.00478236
0.852	0.00634194	0.00745712	0.00475554
0.8528	0.00627768	0.00738919	0.00469105
0.8536	0.00632783	0.00738139	0.00467762
0.8544	0.00635548	0.0073555	0.00464819
0.8552	0.00628816	0.00729191	0.00458744
0.856	0.00633257	0.00727672	0.00456577
0.8568	0.00629416	0.0072184	0.00450897
0.8576	0.00633143	0.00719563	0.00448229
0.8584	0.00632113	0.00716709	0.00445039
0.8592	0.0063054	0.00712508	0.0044082
0.86	0.00626136	0.0070729	0.00435473
0.8608	0.00631445	0.00703836	0.00432388
0.8616	0.00629679	0.00700116	0.00428203
0.8624	0.00632766	0.00697786	0.00425438
0.8632	0.00633748	0.00692354	0.00420961
0.864	0.00633503	0.00689524	0.00417377
0.8648	0.00632639	0.00686114	0.00413621
0.8656	0.00634606	0.00681725	0.0040964
0.8664	0.00633439	0.00677195	0.00405172
0.8672	0.00631325	0.00672704	0.00400712
0.868	0.00637043	0.00671652	0.00398922
0.8688	0.00635918	0.00666373	0.00394034
0.8696	0.00635047	0.00661498	0.00389315
0.8704	0.00634856	0.00657619	0.0038541
0.8712	0.00632165	0.00653855	0.00381029
0.872	0.00635256	0.00649237	0.00376988
0.8728	0.00632396	0.00643867	0.00372052
0.8736	0.00632509	0.00641439	0.00369185
0.8744	0.00639598	0.00638319	0.00366196
0.8752	0.00641859	0.00635293	0.00363033
0.876	0.00642302	0.00630304	0.00358437
0.8768	0.00643415	0.00625407	0.00354265
0.8776	0.00643065	0.00623006	0.00350883
0.8784	0.00641278	0.006167	0.00345503
0.8792	0.00640694	0.00614322	0.00342491
0.88	0.00640133	0.00609433	0.00337619
0.8808	0.00639202	0.00603592	0.00332737
0.8816	0.00645986	0.00601047	0.00330191
0.8824	0.00644013	0.00597349	0.00326224
0.8832	0.00646563	0.00592424	0.00321889
0.884	0.00649311	0.0058982	0.0031928
0.8848	0.00653343	0.00583048	0.00314115
0.8856	0.00650345	0.00579229	0.00309767
0.8864	0.0065062	0.00573897	0.00305173
0.8872	0.00655105	0.00570556	0.00302128
0.888	0.00657622	0.0056784	0.00298948
0.8888	0.00651426	0.00559719	0.00292473
0.8896	0.00656807	0.00556825	0.00289562
0.8904	0.00658689	0.00553077	0.00286034
0.8912	0.00654473	0.00546267	0.00280261
0.892	0.00661245	0.00544372	0.00278387
0.8928	0.00661337	0.00537778	0.00272613
0.8936	0.00662311	0.00534307	0.00269369
0.8944	0.00670186	0.00530271	0.0026606
0.8952	0.00667475	0.00524146	0.00260687
0.896	0.00668304	0.00519476	0.00256828
0.8968	0.00678411	0.00516807	0.00254192
0.8976	0.00666275	0.00510898	0.00248584
0.8984	0.00676307	0.00507917	0.00246084
0.8992	0.00676109	0.00503349	0.00242151
0.9	0.00684146	0.00498681	0.00238704
0.9008	0.0068907	0.00494669	0.00235141
0.9016	0.00694908	0.00490548	0.00231826
0.9024	0.00694221	0.00485182	0.00227483
0.9032	0.00690716	0.00477441	0.00221469
0.904	0.0069838	0.00474991	0.00219229
0.9048	0.00701425	0.00470799	0.00215528
0.9056	0.00701593	0.00464793	0.00211016
0.9064	0.00702192	0.00460486	0.00207288
0.9072	0.00713925	0.00455328	0.00203812
0.908	0.00711303	0.00451942	0.00200389
0.9088	0.00720282	0.00446069	0.00196843
0.9096	0.00714666	0.00440026	0.0019135
0.9104	0.00724535	0.0043547	0.00188329
0.9112	0.00731769	0.00429858	0.00184569
0.912	0.00743529	0.00428622	0.00183545
0.9128	0.00746531	0.0042301	0.00179076
0.9136	0.00745779	0.00416028	0.00173794
0.9144	0.0074679	0.00411252	0.00169704
0.9152	0.00746511	0.00406038	0.00166476
0.916	0.00747782	0.00398643	0.00161329
0.9168	0.00766098	0.00394764	0.00158955
0.9176	0.00767468	0.00390698	0.00156062
0.9184	0.00765265	0.00385735	0.00152056
0.9192	0.00771585	0.00379243	0.00147749
0.92	0.00780378	0.00374614	0.00144999
0.9208	0.0078913	0.00368321	0.00141338
0.9216	0.00789351	0.0036423	0.00138021
0.9224	0.00798522	0.00360414	0.00135375
0.9232	0.00811495	0.00356426	0.00133422
0.924	0.00818312	0.00350383	0.00129458
0.9248	0.00822387	0.00343577	0.00125318
0.9256	0.00834915	0.0033832	0.00122115
0.9264	0.00853077	0.00334979	0.001209
0.9272	0.00851497	0.00329004	0.00116483
0.928	0.00874362	0.00325618	0.0011537
0.9288	0.00873946	0.00319061	0.00111257
0.9296	0.0086721	0.00312654	0.00106369
0.9304	0.00891382	0.00308565	0.0010511
0.9312	0.00904468	0.00305604	0.00103387
0.932	0.00917675	0.00298611	0.000998902
0.9328	0.00925383	0.00293796	0.000974315
0.9336	0.00948229	0.00289322	0.000950675
0.9344	0.00955251	0.00286205	0.000938112
0.9352	0.00961917	0.00279793	0.000900908
0.936	0.00966956	0.00273378	0.000860476
0.9368	0.0101054	0.00270137	0.000856866
0.9376	0.0101148	0.00266239	0.000834421
0.9384	0.010039	0.00258551	0.000790514
0.9392	0.0103545	0.00253631	0.00077281
0.94	0.0107128	0.00248102	0.000756807
0.9408	0.0107087	0.00245261	0.000734418
0.9416	0.0109065	0.00238686	0.000711844
0.9424	0.0109883	0.00233105	0.000680032
0.9432	0.0113046	0.00229113	0.000675394
0.944	0.0114727	0.00223641	0.000647091
0.9448	0.0118717	0.00220884	0.000646359
0.9456	0.0119955	0.00215217	0.000621368
0.9464	0.0124434	0.00212549	0.000621128
0.9472	0.0124542	0.00207531	0.000599263
0.948	0.0127776	0.00203765	0.00059095
0.9488	0.0130773	0.00198053	0.000561224
0.9496	0.013415	0.00193822	0.000554181
0.9504	0.0135387	0.00188404	0.000520029
0.9512	0.0141195	0.00184217	0.000522736
0.952	0.0145426	0.00178203	0.00050209
0.9528	0.0148878	0.00174824	0.000488583
0.9536	0.0152896	0.00170329	0.000491997
0.9544	0.0156918	0.0016768	0.000474718
0.9552	0.0161542	0.0016278	0.000456636
0.956	0.0170833	0.0016139	0.000476328
0.9568	0.0174998	0.0015579	0.000461604
0.9576	0.018092	0.00154185	0.000476458
0.9584	0.0182395	0.00146195	0.000407079
0.9592	0.0190162	0.00142673	0.000407238
0.96	0.0198666	0.00141807	0.000434615
0.9608	0.0206905	0.00135687	0.000408992
0.9616	0.0216894	0.00135819	0.000438201
0.9624	0.0225376	0.00133654	0.000448364
0.9632	0.0236371	0.00128085	0.000412807
0.964	0.0250609	0.00127948	0.000450413
0.9648	0.0259524	0.00128096	0.00047085
0.9656	0.0270966	0.0012135	0.000418072
0.9664	0.0283213	0.001201	0.000447521
0.9672	0.0296273	0.00118332	0.000473101
0.968	0.0311424	0.00115597	0.000451159
0.9688	0.0329352	0.00114697	0.000473728
0.9696	0.0351386	0.00113539	0.000490334
0.9704	0.0369202	0.0010915	0.00046822
0.9712	0.039258	0.00107645	0.000479843
0.972	0.0400301	0.00106868	0.000459312
0.9728	0.0438463	0.00103624	0.000468062
0.9736	0.0459081	0.00104433	0.000512106
0.9744	0.0505811	0.00115437	0.000653103
0.9752	0.0524846	0.000994674	0.00050178
0.976	0.055827	0.00105832	0.000580727
0.9768	0.0609945	0.00109443	0.000636869
0.9776	0.065805	0.00109084	0.000683399
0.9784	0.0704658	0.0011271	0.000716937
0.9792	0.0756014	0.00118144	0.000825884
0.98	0.080479	0.00110127	0.00077741
0.9808	0.0863631	0.00128401	0.000988242
0.9816	0.0929856	0.00143964	0.00119912
0.9824	0.102791	0.00152104	0.00134215
0.9832	0.107893	0.00143255	0.00117084
0.984	0.114086	0.00142293	0.0012164
0.9848	0.125261	0.00150376	0.00125135
0.9856	0.133659	0.0016194	0.0014555
0.9864	0.141966	0.00168133	0.00152079
0.9872	0.150898	0.00212233	0.0020306
0.988	0.166407	0.00248512	0.00248652
0.9888	0.176026	0.00249087	0.00238098
0.9896	0.189013	0.00288837	0.00281425
0.9904	0.20313	0.00321792	0.00313715
0.9912	0.218953	0.00325701	0.00306433
0.992	0.231948	0.00411862	0.00392288
0.9928	0.245634	0.00540941	0.00491987
0.9936	0.261985	0.00565671	0.00514553
0.9944	0.279414	0.00732783	0.00605432
0.9952	0.293846	0.00835156	0.00668135
0.996	0.310024	0.0101564	0.00727712
0.9968	0.331082	0.0128805	0.00830514
0.9976	0.350238	0.0173649	0.00999677
0.9984	0.366039	0.0232888	0.0121996
