L	opf	cc	jcc
0	0.315632	0.308364	0.307789
0.001	0.314742	0.307483	0.306909
0.002	0.313851	0.306606	0.306029
0.003	0.312945	0.305703	0.305128
0.004	0.312111	0.304846	0.304268
0.005	0.311268	0.304014	0.303436
0.006	0.310438	0.303191	0.302613
0.007	0.30956	0.302319	0.301743
0.008	0.308629	0.301399	0.300823
0.009	0.307805	0.300557	0.29998
0.01	0.306946	0.299715	0.299137
0.011	0.306121	0.298887	0.298306
0.012	0.305281	0.298048	0.297466
0.013	0.304439	0.297208	0.296628
0.014	0.303552	0.296317	0.295739
0.015	0.302735	0.295507	0.294925
0.016	0.301905	0.294689	0.294107
0.017	0.301046	0.293833	0.293251
0.018	0.300241	0.293006	0.292426
0.019	0.299407	0.292181	0.2916
0.02	0.298533	0.291329	0.290748
0.021	0.297773	0.290549	0.289965
0.022	0.296878	0.289657	0.289072
0.023	0.296074	0.288856	0.288272
0.024	0.295227	0.28802	0.287436
0.025	0.294419	0.287201	0.286616
0.026	0.293595	0.286388	0.285802
0.027	0.292777	0.285571	0.284984
0.028	0.291998	0.284792	0.284206
0.029	0.291152	0.283959	0.283374
0.03	0.290336	0.28315	0.282564
0.031	0.289583	0.282378	0.281792
0.032	0.288689	0.281497	0.280909
0.033	0.287917	0.280719	0.280132
0.034	0.287135	0.279939	0.279355
0.035	0.286289	0.279108	0.278519
0.036	0.28552	0.278326	0.277738
0.037	0.284731	0.277553	0.276962
0.038	0.283911	0.276724	0.276138
0.039	0.283128	0.275923	0.275335
0.04	0.282405	0.27522	0.274628
0.041	0.281583	0.274399	0.273808
0.042	0.280736	0.273563	0.272973
0.043	0.279959	0.272797	0.272208
0.044	0.279175	0.272019	0.271426
0.045	0.278423	0.271245	0.270654
0.046	0.27761	0.270464	0.269872
0.047	0.276812	0.269656	0.269065
0.048	0.276057	0.268911	0.26832
0.049	0.275347	0.26817	0.267577
0.05	0.274542	0.267386	0.266792
0.051	0.273758	0.266599	0.266005
0.052	0.272992	0.265841	0.265246
0.053	0.272201	0.26506	0.264465
0.054	0.271451	0.264303	0.263708
0.055	0.270693	0.263544	0.26295
0.056	0.269954	0.262803	0.262207
0.057	0.26919	0.262039	0.261442
0.058	0.268466	0.261308	0.260711
0.059	0.267697	0.260567	0.25997
0.06	0.266949	0.259796	0.259199
0.061	0.266118	0.258998	0.258402
0.062	0.265452	0.258322	0.257724
0.063	0.264658	0.257523	0.256923
0.064	0.263922	0.256786	0.256188
0.065	0.263189	0.256068	0.255468
0.066	0.262437	0.255301	0.254701
0.067	0.261725	0.254606	0.254002
0.068	0.260989	0.253875	0.253275
0.069	0.260206	0.253086	0.252485
0.07	0.259509	0.252394	0.251789
0.071	0.258791	0.251651	0.251048
0.072	0.258055	0.250935	0.250333
0.073	0.257344	0.250221	0.24962
0.074	0.256595	0.249485	0.248881
0.075	0.255899	0.248787	0.248184
0.076	0.255133	0.248032	0.24743
0.077	0.254407	0.247304	0.2467
0.078	0.253686	0.246583	0.245981
0.079	0.252946	0.245863	0.245259
0.08	0.252279	0.245175	0.244569
0.081	0.251542	0.244451	0.243844
0.082	0.250868	0.243764	0.243158
0.083	0.250175	0.243075	0.24247
0.084	0.24938	0.242302	0.241696
0.085	0.248722	0.241644	0.241039
0.086	0.248005	0.240912	0.240306
0.087	0.247341	0.240247	0.239638
0.088	0.246609	0.239528	0.238919
0.089	0.245909	0.238825	0.238217
0.09	0.245241	0.238167	0.237559
0.091	0.244518	0.23745	0.236841
0.092	0.24381	0.236737	0.236127
0.093	0.243152	0.236072	0.235464
0.094	0.242483	0.235416	0.234803
0.095	0.241771	0.234704	0.234092
0.096	0.241052	0.233996	0.233387
0.097	0.240423	0.233355	0.23274
0.098	0.239719	0.232654	0.232042
0.099	0.239015	0.231966	0.231352
0.1	0.238337	0.231288	0.230674
0.101	0.237655	0.230604	0.229993
0.102	0.236979	0.22994	0.229326
0.103	0.236301	0.229268	0.228656
0.104	0.235659	0.228609	0.227996
0.105	0.234991	0.227936	0.227321
0.106	0.23434	0.227291	0.226677
0.107	0.233661	0.226626	0.22601
0.108	0.233004	0.22596	0.225343
0.109	0.232335	0.225311	0.224695
0.11	0.231685	0.224642	0.224024
0.111	0.231024	0.223986	0.22337
0.112	0.23032	0.223281	0.222666
0.113	0.229647	0.222631	0.22201
0.114	0.229025	0.222002	0.221383
0.115	0.228358	0.221334	0.220718
0.116	0.227709	0.220685	0.220065
0.117	0.227058	0.220053	0.219433
0.118	0.226443	0.219445	0.218824
0.119	0.225806	0.218796	0.218177
0.12	0.22513	0.218117	0.217497
0.121	0.224504	0.217503	0.216881
0.122	0.223846	0.21684	0.21622
0.123	0.223192	0.216194	0.215574
0.124	0.222505	0.215518	0.214892
0.125	0.221936	0.214925	0.214303
0.126	0.22131	0.214323	0.2137
0.127	0.220669	0.21368	0.213055
0.128	0.220044	0.213065	0.212441
0.129	0.219408	0.212412	0.211789
0.13	0.218764	0.211768	0.211142
0.131	0.218112	0.211143	0.210516
0.132	0.217492	0.21051	0.209884
0.133	0.216904	0.209934	0.209309
0.134	0.216296	0.209311	0.208686
0.135	0.215686	0.208717	0.208089
0.136	0.215082	0.208112	0.207484
0.137	0.214415	0.207452	0.206823
0.138	0.213819	0.206859	0.206232
0.139	0.213247	0.206265	0.205636
0.14	0.212608	0.20564	0.205011
0.141	0.21199	0.20503	0.2044
0.142	0.21137	0.204431	0.203805
0.143	0.210766	0.203806	0.203177
0.144	0.210182	0.203232	0.2026
0.145	0.209577	0.202632	0.202003
0.146	0.208963	0.202022	0.20139
0.147	0.208314	0.201381	0.200748
0.148	0.207735	0.200792	0.200158
0.149	0.207132	0.200203	0.19957
0.15	0.206578	0.199645	0.199013
0.151	0.205956	0.199018	0.198385
0.152	0.20538	0.198446	0.197814
0.153	0.204804	0.197871	0.197236
0.154	0.204189	0.197257	0.196622
0.155	0.203631	0.196695	0.196059
0.156	0.20298	0.196076	0.19544
0.157	0.20242	0.195493	0.194856
0.158	0.201878	0.194964	0.194327
0.159	0.201231	0.194325	0.193688
0.16	0.200719	0.19381	0.193175
0.161	0.200067	0.193164	0.192528
0.162	0.199502	0.192589	0.191951
0.163	0.198958	0.192066	0.191427
0.164	0.198403	0.191511	0.190872
0.165	0.197834	0.190939	0.190298
0.166	0.19726	0.19037	0.189731
0.167	0.196693	0.189803	0.189164
0.168	0.196118	0.189214	0.188572
0.169	0.195526	0.188641	0.188002
0.17	0.194995	0.188107	0.187467
0.171	0.194414	0.187522	0.186878
0.172	0.19386	0.18697	0.186326
0.173	0.193293	0.18641	0.185769
0.174	0.192737	0.185858	0.185216
0.175	0.192189	0.185311	0.184667
0.176	0.191602	0.18474	0.184095
0.177	0.191061	0.184177	0.183534
0.178	0.190532	0.183672	0.183028
0.179	0.190006	0.183147	0.1825
0.18	0.189443	0.182571	0.181926
0.181	0.188877	0.182027	0.181381
0.182	0.188352	0.1815	0.180852
0.183	0.187783	0.180922	0.180275
0.184	0.18722	0.180362	0.179715
0.185	0.186691	0.179834	0.179189
0.186	0.186169	0.1793	0.178652
0.187	0.185598	0.178757	0.178107
0.188	0.18509	0.178247	0.177598
0.189	0.18452	0.177664	0.177014
0.19	0.184	0.177151	0.1765
0.191	0.183479	0.176642	0.175989
0.192	0.182968	0.176126	0.175475
0.193	0.182425	0.175582	0.174935
0.194	0.181946	0.175107	0.174456
0.195	0.181365	0.174536	0.173885
0.196	0.180896	0.174054	0.173402
0.197	0.180344	0.173495	0.172841
0.198	0.17976	0.172935	0.172282
0.199	0.179194	0.17237	0.171714
0.2	0.178704	0.171886	0.17123
0.201	0.178227	0.171413	0.17076
0.202	0.177708	0.170899	0.170244
0.203	0.177211	0.170389	0.169733
0.204	0.17671	0.169886	0.169231
0.205	0.176155	0.169346	0.168688
0.206	0.175649	0.168843	0.168186
0.207	0.175172	0.16836	0.1677
0.208	0.174618	0.167805	0.167144
0.209	0.174156	0.16733	0.166674
0.21	0.173611	0.166809	0.166151
0.211	0.173129	0.166321	0.16566
0.212	0.172608	0.165816	0.165158
0.213	0.172109	0.165326	0.164665
0.214	0.171603	0.164813	0.164152
0.215	0.17109	0.164294	0.163634
0.216	0.17063	0.163821	0.163162
0.217	0.170115	0.163322	0.16266
0.218	0.169607	0.162828	0.162165
0.219	0.169097	0.16232	0.161657
0.22	0.168672	0.161886	0.161222
0.221	0.168128	0.161355	0.160693
0.222	0.167647	0.160872	0.160207
0.223	0.167119	0.16036	0.159696
0.224	0.166713	0.159941	0.159276
0.225	0.166215	0.159442	0.158778
0.226	0.165722	0.158954	0.158287
0.227	0.165239	0.158478	0.157814
0.228	0.164774	0.158004	0.157338
0.229	0.164265	0.157503	0.156839
0.23	0.163821	0.157065	0.156398
0.231	0.163319	0.156552	0.155885
0.232	0.162829	0.156071	0.155403
0.233	0.162415	0.155658	0.154988
0.234	0.161928	0.155169	0.154501
0.235	0.161426	0.154677	0.154009
0.236	0.160963	0.154206	0.153536
0.237	0.160507	0.153754	0.153084
0.238	0.160005	0.153263	0.152593
0.239	0.159566	0.152818	0.152148
0.24	0.15906	0.15232	0.151648
0.241	0.158618	0.151879	0.151208
0.242	0.158172	0.151437	0.150763
0.243	0.157706	0.150964	0.15029
0.244	0.157255	0.150518	0.149847
0.245	0.156783	0.150052	0.14938
0.246	0.156335	0.149615	0.14894
0.247	0.155888	0.149152	0.148477
0.248	0.155423	0.148688	0.148014
0.249	0.154955	0.148213	0.14754
0.25	0.154522	0.147791	0.147114
0.251	0.154058	0.14734	0.146665
0.252	0.153653	0.146932	0.146253
0.253	0.153171	0.146453	0.145779
0.254	0.152742	0.146023	0.145346
0.255	0.152274	0.145564	0.144885
0.256	0.151864	0.145146	0.144467
0.257	0.151387	0.14468	0.144002
0.258	0.150953	0.144253	0.143575
0.259	0.150478	0.14378	0.1431
0.26	0.150078	0.143367	0.142689
0.261	0.149653	0.142941	0.14226
0.262	0.149184	0.14249	0.141809
0.263	0.148739	0.142032	0.141351
0.264	0.148278	0.141592	0.140911
0.265	0.147848	0.141151	0.140468
0.266	0.147475	0.140765	0.140082
0.267	0.147046	0.140351	0.139668
0.268	0.146562	0.139881	0.139196
0.269	0.146229	0.139528	0.138845
0.27	0.145756	0.139065	0.138378
0.271	0.145338	0.138645	0.137961
0.272	0.144906	0.138217	0.137531
0.273	0.144509	0.137818	0.137133
0.274	0.144092	0.137398	0.136714
0.275	0.143624	0.136933	0.136247
0.276	0.143171	0.136494	0.135807
0.277	0.142862	0.136157	0.13547
0.278	0.142377	0.135694	0.135008
0.279	0.141902	0.135231	0.134544
0.28	0.141579	0.134908	0.134219
0.281	0.141112	0.13444	0.13375
0.282	0.140789	0.134106	0.133417
0.283	0.140385	0.133702	0.133011
0.284	0.139931	0.133261	0.132572
0.285	0.139489	0.13283	0.132138
0.286	0.139142	0.132461	0.131768
0.287	0.138665	0.131997	0.131305
0.288	0.138254	0.131589	0.130897
0.289	0.137902	0.131236	0.130544
0.29	0.137466	0.130802	0.130109
0.291	0.137075	0.130426	0.129733
0.292	0.136656	0.129999	0.129306
0.293	0.13629	0.129634	0.128939
0.294	0.135865	0.129209	0.128513
0.295	0.135469	0.128822	0.128127
0.296	0.135078	0.128413	0.127716
0.297	0.134702	0.128043	0.127347
0.298	0.13427	0.127615	0.126919
0.299	0.133924	0.127277	0.12658
0.3	0.133523	0.126871	0.126173
0.301	0.133105	0.126459	0.125762
0.302	0.132755	0.126102	0.125404
0.303	0.132336	0.125687	0.124988
0.304	0.132022	0.12537	0.124671
0.305	0.131593	0.124947	0.124247
0.306	0.131256	0.124604	0.123904
0.307	0.130825	0.124182	0.123482
0.308	0.130482	0.123839	0.123136
0.309	0.130084	0.123426	0.122725
0.31	0.129683	0.12305	0.122346
0.311	0.129365	0.122722	0.122018
0.312	0.128909	0.122272	0.121568
0.313	0.128552	0.121907	0.121203
0.314	0.128243	0.121599	0.120893
0.315	0.127795	0.121166	0.120459
0.316	0.127446	0.120811	0.120105
0.317	0.127026	0.120397	0.119689
0.318	0.126721	0.120088	0.11938
0.319	0.126301	0.119673	0.118967
0.32	0.125968	0.119336	0.118627
0.321	0.125592	0.118964	0.118257
0.322	0.125243	0.118604	0.117895
0.323	0.124878	0.118249	0.117541
0.324	0.124494	0.117866	0.117156
0.325	0.124157	0.117525	0.116815
0.326	0.123801	0.11717	0.11646
0.327	0.123427	0.116808	0.116096
0.328	0.123092	0.116463	0.11575
0.329	0.122708	0.116078	0.115367
0.33	0.122361	0.11574	0.115028
0.331	0.122039	0.115418	0.114703
0.332	0.121663	0.115032	0.114317
0.333	0.121287	0.114667	0.11395
0.334	0.120892	0.114278	0.113562
0.335	0.120624	0.114003	0.113288
0.336	0.120239	0.113621	0.112904
0.337	0.119935	0.113305	0.112587
0.338	0.119581	0.112958	0.11224
0.339	0.119204	0.112576	0.111856
0.34	0.118857	0.112242	0.111524
0.341	0.118489	0.111866	0.111147
0.342	0.118191	0.111581	0.110862
0.343	0.117799	0.111189	0.110467
0.344	0.117508	0.110886	0.110165
0.345	0.117158	0.110542	0.109822
0.346	0.116818	0.110202	0.109483
0.347	0.116475	0.109863	0.10914
0.348	0.116167	0.109549	0.108825
0.349	0.115785	0.109186	0.108463
0.35	0.115481	0.108868	0.108145
0.351	0.115108	0.108499	0.107774
0.352	0.11475	0.108136	0.107411
0.353	0.114497	0.107884	0.107159
0.354	0.114143	0.10753	0.106805
0.355	0.113788	0.107186	0.106461
0.356	0.113486	0.106877	0.10615
0.357	0.11319	0.106561	0.105834
0.358	0.112872	0.106258	0.105528
0.359	0.1125	0.105892	0.105159
0.36	0.112168	0.105575	0.104846
0.361	0.111835	0.105238	0.104507
0.362	0.111521	0.104913	0.104182
0.363	0.111202	0.104588	0.103856
0.364	0.110948	0.10434	0.103607
0.365	0.110605	0.104005	0.103272
0.366	0.110311	0.10369	0.102957
0.367	0.109982	0.103368	0.102634
0.368	0.10962	0.103028	0.102294
0.369	0.109358	0.102742	0.102007
0.37	0.109005	0.102407	0.101672
0.371	0.108719	0.102122	0.101386
0.372	0.108388	0.10178	0.101043
0.373	0.10804	0.101449	0.100711
0.374	0.107812	0.101205	0.100467
0.375	0.107409	0.100813	0.100073
0.376	0.107127	0.100518	0.099779
0.377	0.106826	0.100233	0.0994916
0.378	0.106515	0.09991	0.0991687
0.379	0.106241	0.0996396	0.098896
0.38	0.105923	0.0993108	0.0985683
0.381	0.105638	0.0990436	0.0982994
0.382	0.105289	0.0986785	0.0979344
0.383	0.105014	0.0984069	0.0976617
0.384	0.104706	0.0981048	0.0973599
0.385	0.104419	0.0978191	0.0970743
0.386	0.104104	0.0975059	0.0967593
0.387	0.10386	0.0972562	0.0965088
0.388	0.103589	0.0969858	0.0962396
0.389	0.103264	0.0966652	0.0959163
0.39	0.102964	0.0963608	0.0956108
0.391	0.102626	0.0960309	0.0952801
0.392	0.102349	0.095749	0.0949974
0.393	0.102094	0.0954984	0.094745
0.394	0.101741	0.0951412	0.0943883
0.395	0.101517	0.0949079	0.0941563
0.396	0.101216	0.0946038	0.093851
0.397	0.100928	0.094321	0.0935664
0.398	0.100646	0.0940451	0.0932907
0.399	0.100375	0.0937664	0.0930106
0.4	0.100057	0.0934487	0.0926923
0.401	0.0997736	0.0931749	0.0924163
0.402	0.099509	0.0929091	0.0921507
0.403	0.0992279	0.0926215	0.0918629
0.404	0.0989601	0.0923615	0.0916015
0.405	0.0987109	0.0921019	0.091342
0.406	0.0984365	0.0918369	0.0910758
0.407	0.098079	0.0914877	0.0907255
0.408	0.0978221	0.0912224	0.0904595
0.409	0.0975856	0.0909756	0.0902133
0.41	0.0972576	0.0906536	0.0898898
0.411	0.0970363	0.0904407	0.0896754
0.412	0.0967447	0.0901341	0.0893686
0.413	0.0964794	0.0898698	0.0891048
0.414	0.0961701	0.0895649	0.0887959
0.415	0.0959322	0.0893341	0.0885654
0.416	0.0956532	0.0890462	0.0882772
0.417	0.0953827	0.0887752	0.088006
0.418	0.0951266	0.0885306	0.0877601
0.419	0.09483	0.0882282	0.0874564
0.42	0.0945809	0.0879817	0.0872092
0.421	0.0943112	0.0877024	0.0869288
0.422	0.094064	0.0874577	0.0866842
0.423	0.093804	0.0871919	0.0864177
0.424	0.0935349	0.0869248	0.0861497
0.425	0.0932931	0.0866803	0.0859035
0.426	0.0929603	0.086362	0.0855856
0.427	0.092772	0.0861627	0.0853851
0.428	0.0924623	0.0858565	0.085078
0.429	0.0922344	0.0856237	0.0848449
0.43	0.0919874	0.0853777	0.0845974
0.431	0.0916807	0.0850685	0.0842874
0.432	0.0914869	0.0848833	0.0841024
0.433	0.0912634	0.0846443	0.0838611
0.434	0.0909777	0.0843631	0.0835797
0.435	0.0907588	0.0841386	0.0833543
0.436	0.0904573	0.0838427	0.0830581
0.437	0.0901986	0.0835812	0.0827955
0.438	0.0899386	0.0833304	0.0825443
0.439	0.0896925	0.0830812	0.0822939
0.44	0.0894927	0.0828759	0.0820874
0.441	0.0891748	0.0825529	0.0817641
0.442	0.0889345	0.0823157	0.0815269
0.443	0.0887326	0.0821127	0.0813212
0.444	0.088546	0.0819164	0.0811233
0.445	0.0882876	0.0816736	0.0808798
0.446	0.0879485	0.0813363	0.0805412
0.447	0.0877838	0.0811687	0.0803727
0.448	0.0875374	0.0809158	0.0801194
0.449	0.08724	0.0806299	0.079832
0.45	0.0870672	0.0804382	0.0796402
0.451	0.0868016	0.0801818	0.079382
0.452	0.0866174	0.0799762	0.0791753
0.453	0.0862874	0.0796723	0.0788719
0.454	0.0860747	0.0794574	0.0786539
0.455	0.0858692	0.0792395	0.0784374
0.456	0.0856228	0.0789927	0.0781884
0.457	0.085407	0.0787723	0.077968
0.458	0.0850851	0.0784624	0.0776576
0.459	0.0849773	0.0783449	0.0775377
0.46	0.0847117	0.0780841	0.077276
0.461	0.0844524	0.077836	0.0770277
0.462	0.0842543	0.0776183	0.0768102
0.463	0.0839883	0.0773572	0.076547
0.464	0.0837593	0.0771103	0.0762991
0.465	0.0835599	0.0769219	0.0761094
0.466	0.0833031	0.0766709	0.0758582
0.467	0.0830688	0.0764315	0.0756158
0.468	0.0828753	0.0762274	0.0754128
0.469	0.0826098	0.0759748	0.0751581
0.47	0.0824241	0.0757808	0.0749621
0.471	0.0822091	0.0755684	0.0747494
0.472	0.0820247	0.0753756	0.0745552
0.473	0.0817546	0.0751122	0.0742917
0.474	0.0815994	0.074932	0.0741089
0.475	0.0813	0.0746538	0.0738314
0.476	0.0810645	0.0744153	0.0735912
0.477	0.0808639	0.0742096	0.0733855
0.478	0.0806859	0.0740215	0.0731946
0.479	0.0804794	0.0738203	0.0729923
0.48	0.0802844	0.0736267	0.0727977
0.481	0.0799822	0.0733355	0.0725067
0.482	0.0798304	0.0731699	0.0723393
0.483	0.0796014	0.0729224	0.0720911
0.484	0.079368	0.0726997	0.0718663
0.485	0.0791953	0.0725311	0.071697
0.486	0.0789305	0.0722745	0.0714388
0.487	0.0787624	0.072103	0.0712655
0.488	0.0785936	0.0719194	0.0710819
0.489	0.0783117	0.0716464	0.0708074
0.49	0.0781442	0.071466	0.0706264
0.491	0.0779407	0.071256	0.070415
0.492	0.0777104	0.071036	0.0701937
0.493	0.0775097	0.0708261	0.0699828
0.494	0.0772965	0.0706169	0.0697724
0.495	0.0770931	0.0704133	0.0695681
0.496	0.0768963	0.0702192	0.0693736
0.497	0.0767589	0.0700583	0.0692095
0.498	0.076495	0.0698032	0.0689548
0.499	0.0763117	0.0696204	0.06877
0.5	0.0760551	0.0693695	0.0685184
0.501	0.0758951	0.0692071	0.0683539
0.502	0.0757505	0.069061	0.0682068
0.503	0.0754984	0.0688016	0.0679457
0.504	0.0753056	0.0686193	0.0677635
0.505	0.0750808	0.0683791	0.0675209
0.506	0.0749184	0.0682112	0.0673526
0.507	0.0747201	0.06801	0.0671502
0.508	0.0745109	0.0678013	0.0669399
0.509	0.0743145	0.0676137	0.0667509
0.51	0.0741394	0.0674271	0.0665621
0.511	0.0739531	0.0672398	0.0663746
0.512	0.073808	0.0670853	0.0662181
0.513	0.0735182	0.0667988	0.065931
0.514	0.0734246	0.0667015	0.0658317
0.515	0.0731371	0.0664264	0.0655559
0.516	0.0730089	0.0662957	0.0654238
0.517	0.072839	0.0661052	0.0652316
0.518	0.0725863	0.0658692	0.0649962
0.519	0.0723431	0.065615	0.0647402
0.52	0.0722495	0.0655175	0.0646411
0.521	0.072048	0.0653033	0.0644242
0.522	0.0718499	0.065107	0.0642264
0.523	0.0716721	0.0649376	0.0640566
0.524	0.071459	0.0647217	0.0638393
0.525	0.0713231	0.0645719	0.063687
0.526	0.0711754	0.0644183	0.0635328
0.527	0.0709888	0.0642365	0.0633507
0.528	0.0707873	0.064031	0.0631434
0.529	0.0705619	0.063812	0.0629224
0.53	0.0704227	0.0636687	0.0627776
0.531	0.0702515	0.0634894	0.062597
0.532	0.0700576	0.063293	0.0623992
0.533	0.069922	0.0631508	0.0622562
0.534	0.0696585	0.0628903	0.0619945
0.535	0.069515	0.0627469	0.0618496
0.536	0.0693468	0.0625589	0.0616595
0.537	0.0692068	0.0624259	0.0615248
0.538	0.0690224	0.0622377	0.0613361
0.539	0.0688395	0.0620467	0.0611434
0.54	0.0686921	0.0618983	0.0609928
0.541	0.0684399	0.0616511	0.0607449
0.542	0.0683123	0.0615183	0.0606109
0.543	0.0681295	0.0613385	0.0604296
0.544	0.0679455	0.061133	0.0602228
0.545	0.0677818	0.0609705	0.0600583
0.546	0.0676377	0.060828	0.0599142
0.547	0.0674576	0.0606455	0.0597306
0.548	0.0672332	0.0604296	0.0595132
0.549	0.0670973	0.0602875	0.0593691
0.55	0.066945	0.0601252	0.0592064
0.551	0.0667822	0.0599525	0.0590316
0.552	0.0665536	0.0597351	0.0588125
0.553	0.0664041	0.0595818	0.058658
0.554	0.0662532	0.0594183	0.0584927
0.555	0.0660875	0.0592631	0.0583372
0.556	0.065949	0.0590935	0.0581653
0.557	0.0657231	0.0588864	0.0579564
0.558	0.0656324	0.0587789	0.0578474
0.559	0.0654372	0.058581	0.0576483
0.56	0.0652768	0.0584248	0.0574897
0.561	0.0651022	0.0582546	0.0573188
0.562	0.064911	0.0580682	0.0571299
0.563	0.0648217	0.0579644	0.0570241
0.564	0.0646255	0.0577618	0.0568219
0.565	0.0644934	0.0576274	0.056685
0.566	0.0643475	0.0574682	0.056524
0.567	0.0641468	0.057276	0.0563301
0.568	0.0640278	0.0571429	0.0561958
0.569	0.0638369	0.0569579	0.0560087
0.57	0.0637222	0.056831	0.0558795
0.571	0.063497	0.0566097	0.0556575
0.572	0.0633854	0.0564824	0.0555291
0.573	0.0632372	0.0563355	0.0553803
0.574	0.0630675	0.0561558	0.0551978
0.575	0.0629374	0.0560338	0.0550752
0.576	0.0627979	0.0558764	0.0549159
0.577	0.0626074	0.0556881	0.0547267
0.578	0.0624629	0.0555413	0.054577
0.579	0.0623151	0.0553848	0.0544192
0.58	0.0621416	0.0552169	0.0542492
0.581	0.0619899	0.0550598	0.0540902
0.582	0.061873	0.0549354	0.0539645
0.583	0.0616773	0.0547425	0.0537705
0.584	0.0615053	0.0545612	0.0535877
0.585	0.0613829	0.0544408	0.0534652
0.586	0.0612263	0.0542705	0.0532931
0.587	0.0610195	0.0540649	0.0530856
0.588	0.0609453	0.0539726	0.0529914
0.589	0.0608006	0.0538241	0.0528416
0.59	0.0606408	0.0536724	0.0526877
0.591	0.0605066	0.0535237	0.0525364
0.592	0.0603605	0.0533744	0.052385
0.593	0.0601975	0.0532136	0.0522233
0.594	0.0600378	0.053042	0.0520501
0.595	0.0599936	0.0529826	0.0519877
0.596	0.059768	0.0527701	0.0517749
0.597	0.0595974	0.0525931	0.0515957
0.598	0.059506	0.0524968	0.051497
0.599	0.059307	0.0522863	0.0512869
0.6	0.05921	0.0521826	0.0511797
0.601	0.0590154	0.0519883	0.0509829
0.602	0.0589675	0.051931	0.0509232
0.603	0.0587384	0.0517081	0.0506997
0.604	0.0586591	0.0516085	0.0505981
0.605	0.0585429	0.0514853	0.0504722
0.606	0.0583404	0.0512957	0.0502797
0.607	0.0581855	0.0511145	0.0500982
0.608	0.0580704	0.0510012	0.0499824
0.609	0.0578922	0.0508281	0.0498077
0.61	0.0578106	0.0507283	0.049705
0.611	0.0576367	0.0505629	0.0495374
0.612	0.0575214	0.0504355	0.0494092
0.613	0.0573726	0.0502799	0.0492507
0.614	0.0571704	0.0500817	0.0490512
0.615	0.0571343	0.0500322	0.0489989
0.616	0.0569964	0.0498827	0.0488467
0.617	0.0568439	0.0497287	0.0486921
0.618	0.056689	0.0495674	0.0485274
0.619	0.0565468	0.049428	0.0483861
0.62	0.0564754	0.049337	0.0482923
0.621	0.0562542	0.0491193	0.0480731
0.622	0.0561769	0.0490313	0.0479838
0.623	0.0560337	0.0488758	0.0478246
0.624	0.0558372	0.0486813	0.0476301
0.625	0.0557338	0.0485658	0.047511
0.626	0.055574	0.0484142	0.0473577
0.627	0.0555809	0.0483947	0.0473354
0.628	0.055371	0.048183	0.0471221
0.629	0.0552881	0.0480873	0.0470235
0.63	0.0551343	0.0479348	0.0468694
0.631	0.0549486	0.0477553	0.046688
0.632	0.054821	0.0476143	0.0465426
0.633	0.0547318	0.0475182	0.0464461
0.634	0.054585	0.0473642	0.0462887
0.635	0.0544122	0.0472003	0.0461232
0.636	0.0543475	0.0471192	0.0460391
0.637	0.0542226	0.0469803	0.0458974
0.638	0.0540398	0.0467921	0.0457085
0.639	0.0539675	0.0467211	0.0456347
0.64	0.0538026	0.0465519	0.0454627
0.641	0.0537041	0.0464367	0.0453458
0.642	0.0535194	0.0462595	0.0451663
0.643	0.0534754	0.046187	0.0450896
0.644	0.0533339	0.0460325	0.0449332
0.645	0.0532338	0.045939	0.044836
0.646	0.0529928	0.045699	0.0445951
0.647	0.0529233	0.0456102	0.044505
0.648	0.0528138	0.0454986	0.0443905
0.649	0.0526521	0.045329	0.0442164
0.65	0.0525116	0.0451952	0.0440803
0.651	0.0524257	0.0450938	0.0439767
0.652	0.0522683	0.044936	0.0438175
0.653	0.0521268	0.0447794	0.0436572
0.654	0.0520718	0.0447253	0.0436018
0.655	0.0519818	0.044619	0.0434913
0.656	0.0518753	0.044497	0.0433675
0.657	0.051666	0.0442977	0.0431647
0.658	0.0514747	0.0440986	0.0429632
0.659	0.0514545	0.044059	0.0429205
0.66	0.0513255	0.0439214	0.0427799
0.661	0.0512577	0.0438408	0.042697
0.662	0.0511236	0.0437113	0.0425643
0.663	0.0510255	0.0436013	0.0424514
0.664	0.0508752	0.0434489	0.0422962
0.665	0.0508076	0.0433673	0.0422117
0.666	0.0506667	0.0432173	0.0420598
0.667	0.0505711	0.0431216	0.0419603
0.668	0.0503165	0.0428696	0.0417068
0.669	0.050271	0.042806	0.0416405
0.67	0.0501522	0.0426741	0.0415036
0.671	0.0500074	0.0425403	0.041369
0.672	0.0498944	0.042413	0.0412366
0.673	0.0498111	0.0423177	0.0411388
0.674	0.0496596	0.0421701	0.0409882
0.675	0.0496009	0.0420963	0.040913
0.676	0.0495247	0.0419991	0.0408104
0.677	0.0493322	0.0418083	0.0406188
0.678	0.0492703	0.0417282	0.0405357
0.679	0.0491813	0.0416367	0.0404382
0.68	0.0489891	0.0414369	0.0402375
0.681	0.0489255	0.0413661	0.0401628
0.682	0.0487487	0.0411853	0.0399784
0.683	0.0486012	0.0410358	0.0398274
0.684	0.0485099	0.0409313	0.0397183
0.685	0.0485008	0.040897	0.0396797
0.686	0.0483592	0.0407561	0.0395365
0.687	0.0481739	0.0405638	0.0393413
0.688	0.0481252	0.0405026	0.0392752
0.689	0.0479869	0.0403572	0.0391272
0.69	0.0478832	0.0402495	0.0390165
0.691	0.0477144	0.0400724	0.0388355
0.692	0.047656	0.0400041	0.0387661
0.693	0.0474828	0.0398266	0.0385862
0.694	0.0474351	0.0397731	0.0385271
0.695	0.0473128	0.0396371	0.0383862
0.696	0.0472276	0.0395487	0.0382946
0.697	0.0469918	0.0393158	0.0380607
0.698	0.046973	0.0392749	0.0380149
0.699	0.0468244	0.0391133	0.037849
0.7	0.0468082	0.0390847	0.0378166
0.701	0.0466378	0.0389149	0.0376429
0.702	0.0465079	0.0387839	0.03751
0.703	0.046394	0.03865	0.0373735
0.704	0.0463207	0.0385699	0.0372887
0.705	0.0462402	0.0384759	0.03719
0.706	0.0460888	0.0383066	0.0370178
0.707	0.0459793	0.0381927	0.0368997
0.708	0.0459314	0.038131	0.0368341
0.709	0.045779	0.0379769	0.0366765
0.71	0.0456963	0.0378767	0.0365732
0.711	0.0456063	0.0377815	0.0364729
0.712	0.0454391	0.0376115	0.0363011
0.713	0.0453726	0.0375362	0.0362188
0.714	0.0452692	0.0374197	0.0360992
0.715	0.0451269	0.0372655	0.0359435
0.716	0.045123	0.0372385	0.0359087
0.717	0.0449125	0.0370377	0.035707
0.718	0.0448951	0.0369989	0.0356647
0.719	0.0447633	0.0368615	0.0355225
0.72	0.0446008	0.0366983	0.0353562
0.721	0.0445913	0.0366712	0.0353238
0.722	0.0444729	0.0365353	0.0351822
0.723	0.0443284	0.0363913	0.0350355
0.724	0.0441529	0.0362154	0.0348554
0.725	0.0441315	0.0361781	0.034813
0.726	0.0439822	0.0360247	0.0346554
0.727	0.0438415	0.0358749	0.0345044
0.728	0.043802	0.0358044	0.0344278
0.729	0.0437222	0.0357188	0.034338
0.73	0.0435913	0.0355845	0.0341994
0.731	0.043532	0.0355027	0.0341124
0.732	0.0433694	0.0353437	0.0339494
0.733	0.043291	0.0352495	0.0338528
0.734	0.0431795	0.0351205	0.0337175
0.735	0.0431058	0.0350353	0.0336272
0.736	0.0429354	0.0348666	0.0334567
0.737	0.0429327	0.0348374	0.0334197
0.738	0.0428241	0.0347235	0.033305
0.739	0.0427185	0.0346072	0.0331827
0.74	0.0425361	0.0344221	0.0329946
0.741	0.0424802	0.034348	0.032912
0.742	0.0424099	0.0342664	0.03283
0.743	0.0422142	0.034072	0.0326306
0.744	0.0421729	0.0340109	0.032565
0.745	0.0420702	0.0338923	0.0324404
0.746	0.0418949	0.0337262	0.0322715
0.747	0.0419059	0.0337057	0.0322445
0.748	0.0418135	0.0336085	0.0321424
0.749	0.0417119	0.033482	0.032009
0.75	0.0415743	0.0333305	0.0318565
0.751	0.0413857	0.0331611	0.0316817
0.752	0.0413386	0.0330834	0.0315977
0.753	0.0412246	0.0329723	0.0314837
0.754	0.0411435	0.0328668	0.0313709
0.755	0.0410787	0.0327804	0.0312827
0.756	0.0409439	0.0326403	0.0311356
0.757	0.0408249	0.0325097	0.0310009
0.758	0.0407895	0.0324588	0.0309419
0.759	0.0406705	0.0323297	0.03081
0.76	0.0406212	0.0322622	0.0307351
0.761	0.0404536	0.032103	0.0305708
0.762	0.0404425	0.0320549	0.0305201
0.763	0.0403055	0.031915	0.0303727
0.764	0.0401949	0.0317911	0.0302466
0.765	0.0400468	0.0316304	0.0300816
0.766	0.040034	0.0316066	0.03005
0.767	0.0398071	0.031381	0.029822
0.768	0.0398524	0.0313864	0.0298166
0.769	0.0396603	0.0311974	0.0296245
0.77	0.0396168	0.0311263	0.0295482
0.771	0.0394964	0.0310076	0.0294234
0.772	0.0393454	0.0308519	0.0292625
0.773	0.0392441	0.0307378	0.0291419
0.774	0.0392342	0.0306934	0.0290953
0.775	0.0391232	0.0305827	0.0289729
0.776	0.0390695	0.0305044	0.028893
0.777	0.0388784	0.0303158	0.0287018
0.778	0.0388054	0.0302255	0.0286002
0.779	0.0387319	0.0301285	0.0284978
0.78	0.0386132	0.0300096	0.028373
0.781	0.0385156	0.0298874	0.028249
0.782	0.0384311	0.0297836	0.0281388
0.783	0.0384114	0.0297407	0.0280874
0.784	0.0382173	0.0295532	0.0278948
0.785	0.0381013	0.0294292	0.027766
0.786	0.0380389	0.0293441	0.0276736
0.787	0.0379101	0.0292193	0.0275432
0.788	0.0377241	0.0290322	0.0273543
0.789	0.0377291	0.0290026	0.027315
0.79	0.0375785	0.0288301	0.027137
0.791	0.0374925	0.0287379	0.0270347
0.792	0.0375045	0.0287176	0.0270096
0.793	0.0374099	0.0286123	0.0268988
0.794	0.0372251	0.0284282	0.0267106
0.795	0.0371654	0.0283341	0.0266048
0.796	0.0370815	0.0282479	0.0265146
0.797	0.0369841	0.0281253	0.0263878
0.798	0.0368829	0.0280079	0.026264
0.799	0.0366876	0.0278196	0.0260693
0.8	0.0366784	0.0277894	0.0260317
0.801	0.0364699	0.0275883	0.0258242
0.802	0.0365026	0.0275708	0.0257985
0.803	0.0363793	0.0274455	0.0256661
0.804	0.0361321	0.0272045	0.0254215
0.805	0.0361417	0.0271893	0.0253961
0.806	0.0360523	0.0270758	0.0252819
0.807	0.0359319	0.0269494	0.0251468
0.808	0.0358476	0.0268508	0.0250376
0.809	0.0357176	0.0267018	0.0248825
0.81	0.0356752	0.0266364	0.0248124
0.811	0.0355133	0.0264706	0.0246361
0.812	0.0355493	0.0264669	0.0246249
0.813	0.0353558	0.0262601	0.0244151
0.814	0.0352811	0.026184	0.0243343
0.815	0.0350915	0.0260057	0.0241488
0.816	0.0350904	0.0259628	0.0240909
0.817	0.0348709	0.0257486	0.0238763
0.818	0.0348983	0.0257337	0.0238471
0.819	0.0347075	0.0255484	0.0236642
0.82	0.0346533	0.0254762	0.0235801
0.821	0.0345608	0.0253507	0.0234508
0.822	0.0344372	0.0252202	0.0233113
0.823	0.0344264	0.0251829	0.0232631
0.824	0.0342937	0.0250439	0.023117
0.825	0.0341939	0.0249179	0.0229829
0.826	0.0341217	0.0248316	0.0228864
0.827	0.0340134	0.0247052	0.0227582
0.828	0.0338704	0.0245661	0.0226104
0.829	0.0337754	0.0244412	0.0224766
0.83	0.0336786	0.0243125	0.0223353
0.831	0.0335233	0.0241656	0.0221877
0.832	0.0335638	0.0241604	0.0221738
0.833	0.0334067	0.0239986	0.0220039
0.834	0.0332858	0.0238651	0.0218626
0.835	0.0331613	0.0237231	0.0217104
0.836	0.0330444	0.0235821	0.0215633
0.837	0.0329692	0.0234948	0.0214661
0.838	0.0329236	0.02343	0.0213935
0.839	0.032815	0.0232901	0.0212445
0.84	0.0327066	0.0231653	0.0211203
0.841	0.0325626	0.0230436	0.0209815
0.842	0.032448	0.0228967	0.0208379
0.843	0.0324514	0.0228544	0.0207789
0.844	0.0323678	0.0227433	0.020661
0.845	0.0322424	0.0226174	0.020525
0.846	0.0320953	0.0224562	0.0203586
0.847	0.0319992	0.0223371	0.0202333
0.848	0.0319608	0.022271	0.0201525
0.849	0.0318243	0.0221143	0.0199911
0.85	0.0316711	0.0219673	0.0198372
0.851	0.0315811	0.0218458	0.0197089
0.852	0.031599	0.0217938	0.0196481
0.853	0.0314262	0.0216461	0.0194941
0.854	0.0313775	0.0215465	0.01938
0.855	0.0312375	0.0214047	0.0192307
0.856	0.0311495	0.0213048	0.0191169
0.857	0.0310783	0.0211855	0.0189919
0.858	0.0309435	0.0210408	0.0188428
0.859	0.0308765	0.0209492	0.0187351
0.86	0.0307946	0.0208213	0.0186015
0.861	0.0306852	0.0207037	0.0184769
0.862	0.0306344	0.0206118	0.0183837
0.863	0.0304833	0.0204531	0.0182176
0.864	0.0302855	0.0202827	0.0180305
0.865	0.0302461	0.0201908	0.0179281
0.866	0.0302937	0.0201608	0.0178816
0.867	0.030022	0.0199243	0.0176522
0.868	0.0301014	0.0199221	0.0176367
0.869	0.0299338	0.0197583	0.0174585
0.87	0.0299184	0.0196867	0.0173751
0.871	0.0298847	0.0196062	0.0172877
0.872	0.0296195	0.0193399	0.0170153
0.873	0.0295461	0.0192484	0.0169173
0.874	0.0294837	0.0191338	0.0167992
0.875	0.0295086	0.0191103	0.0167635
0.876	0.0293701	0.0189345	0.0165791
0.877	0.0293496	0.0188859	0.0165138
0.878	0.029098	0.0186367	0.0162629
0.879	0.0290993	0.01858	0.0161945
0.88	0.0290435	0.0184844	0.0160872
0.881	0.0289574	0.018358	0.0159534
0.882	0.0288045	0.0181936	0.0157826
0.883	0.0288254	0.018163	0.0157495
0.884	0.0286542	0.0179663	0.0155476
0.885	0.0284154	0.0177571	0.0153239
0.886	0.0284759	0.0177243	0.0152797
0.887	0.02846	0.0176476	0.0151884
0.888	0.0282607	0.0174687	0.0150046
0.889	0.0282155	0.0173427	0.0148742
0.89	0.0281908	0.0172736	0.0147896
0.891	0.0280589	0.0170992	0.0146213
0.892	0.0280275	0.0170084	0.014521
0.893	0.0279679	0.0168967	0.0143867
0.894	0.0279853	0.0168273	0.014302
0.895	0.0278663	0.0166765	0.0141472
0.896	0.0277598	0.0165391	0.0140033
0.897	0.0275283	0.0163225	0.0137829
0.898	0.0274114	0.0161649	0.0136155
0.899	0.0273605	0.0160307	0.0135002
0.9	0.0274666	0.0160208	0.0134601
0.901	0.0273146	0.0158636	0.0133023
0.902	0.0271859	0.0156831	0.0131054
0.903	0.0271244	0.0155626	0.0129831
0.904	0.0270266	0.0154205	0.012832
0.905	0.0268896	0.0152694	0.0126836
0.906	0.0270463	0.015247	0.0126384
0.907	0.0266909	0.0149607	0.0123719
0.908	0.0266375	0.014827	0.012227
0.909	0.0266165	0.0147244	0.0121154
0.91	0.0264892	0.0145543	0.0119281
0.911	0.0266013	0.014545	0.0119121
0.912	0.0263713	0.0143275	0.0117013
0.913	0.0263777	0.0141717	0.0115382
0.914	0.026263	0.0140524	0.0114115
0.915	0.0261221	0.0138778	0.0112222
0.916	0.025905	0.0136137	0.010974
0.917	0.025927	0.0135234	0.0108703
0.918	0.0260595	0.0135032	0.0108362
0.919	0.0257866	0.0132538	0.0105949
0.92	0.0257071	0.0130966	0.010429
0.921	0.0257177	0.0129678	0.0102891
0.922	0.0254693	0.012726	0.0100707
0.923	0.025455	0.0126399	0.00996127
0.924	0.0254627	0.0124976	0.00982384
0.925	0.0253807	0.0123654	0.00969093
0.926	0.0252722	0.0121854	0.00952256
0.927	0.0250058	0.0119391	0.00927548
0.928	0.0253135	0.0119359	0.00925765
0.929	0.0252287	0.0117497	0.00908076
0.93	0.0250867	0.0115722	0.00890392
0.931	0.0249216	0.011367	0.00871772
0.932	0.0248022	0.0111511	0.00851577
0.933	0.0248475	0.0110731	0.00842105
0.934	0.0246643	0.0107703	0.00814908
0.935	0.0246374	0.0106194	0.00798841
0.936	0.0244731	0.0104429	0.00780407
0.937	0.024502	0.0103153	0.0077132
0.938	0.0242816	0.0100702	0.00747284
0.939	0.0245508	0.0100411	0.00742886
0.94	0.0244946	0.00984996	0.0072456
0.941	0.0243865	0.00963547	0.00705745
0.942	0.0239517	0.00928445	0.00675441
0.943	0.0243568	0.00933914	0.00677503
0.944	0.0243118	0.00911944	0.00659293
0.945	0.0243405	0.00893844	0.00641459
0.946	0.0238927	0.00861154	0.00612045
0.947	0.0239604	0.00848113	0.00599174
0.948	0.0241655	0.00826391	0.00581444
0.949	0.0239809	0.00808166	0.00566905
0.95	0.0244231	0.00798907	0.00555786
0.951	0.0244347	0.00778866	0.00542
0.952	0.0239839	0.00747895	0.00511723
0.953	0.0240816	0.0073363	0.00502025
0.954	0.0242938	0.00717515	0.00485806
0.955	0.0240723	0.00688326	0.00461842
0.956	0.0242673	0.00672142	0.00451488
0.957	0.0239096	0.00640815	0.00425139
0.958	0.0243499	0.00629767	0.00416881
0.959	0.0245895	0.00618838	0.00408633
0.96	0.0245762	0.00590124	0.00388127
0.961	0.0245857	0.00562032	0.00362279
0.962	0.0251081	0.00554854	0.0035966
0.963	0.0248874	0.00523435	0.00331418
0.964	0.0249983	0.00502508	0.00320169
0.965	0.0248211	0.00476528	0.00301263
0.966	0.0253271	0.00456228	0.00285839
0.967	0.0258579	0.0044479	0.00282225
0.968	0.0265567	0.00447598	0.00287924
0.969	0.0258209	0.00405074	0.0025184
0.97	0.026337	0.00373487	0.00231416
0.971	0.0271759	0.00375725	0.00236925
0.972	0.0275634	0.00340296	0.00212052
0.973	0.0281485	0.00320763	0.00197884
0.974	0.0294754	0.00317809	0.00198499
0.975	0.029359	0.00288464	0.0017827
0.976	0.0302796	0.00282246	0.00179328
0.977	0.0314913	0.00255774	0.00158011
0.978	0.0330198	0.00276073	0.00186597
0.979	0.0334612	0.00232464	0.00150509
0.98	0.0350012	0.00210935	0.00132032
0.981	0.0376565	0.00204171	0.00133717
0.982	0.0411393	0.00233142	0.00166778
0.983	0.0428235	0.00187564	0.00131988
0.984	0.0461727	0.00159292	0.00110046
0.985	0.0501344	0.00223247	0.00176176
0.986	0.0549534	0.00185167	0.00145672
0.987	0.0635091	0.0013769	0.00101454
0.988	0.0688144	0.00190958	0.00158618
0.989	0.0847375	0.00184278	0.00156415
0.99	0.0955543	0.00126862	0.000965824
0.991	0.124764	0.00129547	0.00101974
0.992	0.156298	0.00229217	0.00186005
0.993	0.209385	0.00176609	0.00157443
0.994	0.265291	0.00233182	0.00209322
0.995	0.344903	0.00482111	0.00466597
0.996	0.451032	0.00485078	0.00443135
0.997	0.584676	0.00947206	0.00781786
0.998	0.711877	0.012895	0.0123385
