L	opf	cc	jcc
0	0.016356	0.0238508	0.0165387
0.001	0.0163265	0.023823	0.0165021
0.002	0.016299	0.0237949	0.0164695
0.003	0.0162958	0.0237881	0.0164646
0.004	0.0162811	0.0237638	0.0164375
0.005	0.0162632	0.0237434	0.0164157
0.006	0.0162401	0.0237231	0.0163843
0.007	0.0162133	0.0236938	0.0163485
0.008	0.0162001	0.0236739	0.0163385
0.009	0.0161765	0.0236515	0.0163048
0.01	0.0161621	0.0236315	0.0162833
0.011	0.0161357	0.0236035	0.0162543
0.012	0.0161215	0.0235877	0.016233
0.013	0.0161137	0.0235782	0.0162165
0.014	0.0160813	0.0235462	0.0161831
0.015	0.0160633	0.0235182	0.0161575
0.016	0.0160597	0.0235126	0.0161453
0.017	0.0160275	0.0234796	0.0161039
0.018	0.0160197	0.0234666	0.0160881
0.019	0.0160118	0.0234512	0.0160793
0.02	0.0159669	0.0234145	0.0160368
0.021	0.0159709	0.0234128	0.016027
0.022	0.0159595	0.023394	0.0160112
0.023	0.0159381	0.0233676	0.0159806
0.024	0.0159195	0.0233493	0.015961
0.025	0.0159005	0.0233288	0.015936
0.026	0.0158693	0.0233007	0.015897
0.027	0.0158517	0.0232769	0.0158715
0.028	0.0158483	0.0232638	0.0158604
0.029	0.0158256	0.0232393	0.0158306
0.03	0.0157984	0.0232136	0.0158004
0.031	0.0157797	0.023191	0.0157794
0.032	0.0157626	0.0231705	0.0157486
0.033	0.0157444	0.0231499	0.0157266
0.034	0.0157359	0.0231393	0.0157184
0.035	0.0157167	0.0231208	0.01569
0.036	0.0157089	0.0231059	0.0156774
0.037	0.0156835	0.0230777	0.0156447
0.038	0.0156767	0.0230677	0.0156276
0.039	0.0156496	0.0230351	0.0155954
0.04	0.0156337	0.0230198	0.015576
0.041	0.015628	0.0230087	0.0155611
0.042	0.0156062	0.0229813	0.0155292
0.043	0.0155853	0.0229578	0.0155032
0.044	0.0155518	0.0229237	0.0154678
0.045	0.0155498	0.0229143	0.0154556
0.046	0.0155273	0.0228908	0.0154298
0.047	0.0155216	0.0228804	0.0154154
0.048	0.0154895	0.0228492	0.015378
0.049	0.0154917	0.0228445	0.0153769
0.05	0.0154567	0.0228104	0.0153371
0.051	0.0154517	0.0228025	0.0153242
0.052	0.015425	0.0227695	0.0152919
0.053	0.0154031	0.0227426	0.0152588
0.054	0.0153837	0.0227277	0.0152362
0.055	0.0153778	0.0227121	0.0152215
0.056	0.01537	0.0226994	0.0152082
0.057	0.0153402	0.0226705	0.0151731
0.058	0.015327	0.0226497	0.0151529
0.059	0.0153083	0.0226327	0.0151337
0.06	0.0152977	0.0226193	0.0151136
0.061	0.0152585	0.0225829	0.015067
0.062	0.0152577	0.022574	0.0150624
0.063	0.0152583	0.0225687	0.0150501
0.064	0.0152409	0.0225441	0.0150265
0.065	0.0152095	0.0225149	0.0149869
0.066	0.0152005	0.0225027	0.0149757
0.067	0.0151799	0.022475	0.0149525
0.068	0.0151572	0.0224559	0.0149193
0.069	0.0151499	0.0224423	0.0149041
0.07	0.015126	0.0224191	0.01488
0.071	0.0151266	0.0224098	0.0148667
0.072	0.0150901	0.0223728	0.0148283
0.073	0.0150846	0.0223648	0.0148158
0.074	0.015049	0.0223294	0.0147705
0.075	0.0150407	0.02231	0.0147583
0.076	0.0150425	0.022311	0.0147536
0.077	0.0150017	0.0222652	0.0147037
0.078	0.0150068	0.0222658	0.0147033
0.079	0.0149693	0.0222292	0.0146643
0.08	0.0149547	0.0222103	0.0146421
0.081	0.0149557	0.0222087	0.0146325
0.082	0.0149249	0.0221729	0.0145971
0.083	0.0149141	0.0221594	0.0145793
0.084	0.0149024	0.0221458	0.014561
0.085	0.0148942	0.0221344	0.0145443
0.086	0.0148781	0.0221175	0.0145245
0.087	0.0148534	0.0220827	0.0144862
0.088	0.0148501	0.0220799	0.0144805
0.089	0.0148319	0.0220591	0.0144564
0.09	0.0148001	0.0220218	0.0144174
0.091	0.0147925	0.0220133	0.0144018
0.092	0.0147774	0.0219918	0.0143816
0.093	0.0147707	0.0219836	0.0143686
0.094	0.0147509	0.0219556	0.0143364
0.095	0.0147273	0.0219342	0.0143104
0.096	0.0147093	0.0219075	0.0142843
0.097	0.0146973	0.021898	0.0142678
0.098	0.0146876	0.021881	0.0142525
0.099	0.0146662	0.021858	0.0142234
0.1	0.0146459	0.021836	0.0141951
0.101	0.0146472	0.0218329	0.0141889
0.102	0.0146267	0.0218074	0.014163
0.103	0.0145991	0.0217831	0.0141301
0.104	0.0146033	0.0217767	0.0141278
0.105	0.0145742	0.0217436	0.0140904
0.106	0.0145571	0.0217217	0.0140703
0.107	0.0145456	0.0217077	0.0140495
0.108	0.0145202	0.0216864	0.0140194
0.109	0.0145114	0.0216683	0.0139923
0.11	0.0144904	0.0216471	0.0139752
0.111	0.0144807	0.0216298	0.013957
0.112	0.0144705	0.0216163	0.0139374
0.113	0.0144594	0.0216037	0.0139214
0.114	0.0144425	0.0215822	0.0138965
0.115	0.0144206	0.0215543	0.013873
0.116	0.0144035	0.0215363	0.0138447
0.117	0.0144052	0.0215324	0.0138406
0.118	0.014387	0.0215095	0.0138163
0.119	0.0143629	0.021485	0.0137884
0.12	0.0143602	0.0214768	0.0137715
0.121	0.014351	0.0214649	0.0137519
0.122	0.0143274	0.0214365	0.0137309
0.123	0.0143242	0.0214281	0.0137188
0.124	0.0142872	0.0213912	0.0136742
0.125	0.0142834	0.0213845	0.0136592
0.126	0.0142436	0.0213393	0.0136172
0.127	0.0142346	0.0213236	0.0136002
0.128	0.0142327	0.0213159	0.0135936
0.129	0.0142021	0.0212877	0.0135484
0.13	0.0142187	0.0212971	0.0135587
0.131	0.0141779	0.0212536	0.013515
0.132	0.0141648	0.0212397	0.0134934
0.133	0.0141631	0.0212344	0.0134846
0.134	0.0141484	0.0212118	0.0134641
0.135	0.0141419	0.0212011	0.0134525
0.136	0.0141287	0.0211831	0.0134309
0.137	0.014102	0.0211523	0.0133952
0.138	0.0140838	0.0211358	0.0133739
0.139	0.0140771	0.0211215	0.0133594
0.14	0.014053	0.021099	0.0133296
0.141	0.014052	0.0210919	0.0133176
0.142	0.0140291	0.0210652	0.0132862
0.143	0.0140136	0.0210469	0.0132668
0.144	0.0139972	0.0210219	0.0132364
0.145	0.0139879	0.0210155	0.0132284
0.146	0.0139587	0.0209803	0.0131942
0.147	0.0139553	0.0209737	0.0131819
0.148	0.013939	0.0209523	0.0131573
0.149	0.0139313	0.0209404	0.0131425
0.15	0.0139241	0.0209304	0.0131243
0.151	0.0139184	0.0209208	0.0131101
0.152	0.013887	0.0208825	0.0130819
0.153	0.0138634	0.0208569	0.0130422
0.154	0.0138517	0.020844	0.0130228
0.155	0.0138231	0.0208182	0.0129932
0.156	0.0138305	0.020815	0.0129964
0.157	0.0138216	0.0208021	0.0129797
0.158	0.0137991	0.0207745	0.012943
0.159	0.0138052	0.0207754	0.0129416
0.16	0.0137732	0.0207417	0.0129081
0.161	0.0137732	0.0207368	0.0129027
0.162	0.0137631	0.0207242	0.0128775
0.163	0.0137323	0.0206897	0.0128432
0.164	0.0137113	0.0206645	0.0128145
0.165	0.0137111	0.0206565	0.0128099
0.166	0.0137011	0.02065	0.0127947
0.167	0.0136744	0.0206179	0.0127624
0.168	0.0136603	0.0206036	0.0127387
0.169	0.013664	0.0205987	0.0127289
0.17	0.0136344	0.0205644	0.012699
0.171	0.0136229	0.0205489	0.012678
0.172	0.0136189	0.0205471	0.012669
0.173	0.0135994	0.0205214	0.0126391
0.174	0.0135714	0.0204872	0.0126063
0.175	0.0135648	0.0204787	0.0125902
0.176	0.0135651	0.020473	0.0125846
0.177	0.0135313	0.0204406	0.012547
0.178	0.013533	0.0204323	0.0125377
0.179	0.0135242	0.0204215	0.0125205
0.18	0.0134977	0.020392	0.0124891
0.181	0.0134755	0.0203691	0.0124607
0.182	0.0134568	0.0203465	0.0124376
0.183	0.0134629	0.0203476	0.012434
0.184	0.0134301	0.0203146	0.0123999
0.185	0.0134214	0.0202984	0.0123744
0.186	0.0134395	0.0203103	0.012386
0.187	0.013412	0.0202821	0.0123563
0.188	0.0134023	0.0202636	0.0123369
0.189	0.0133853	0.0202472	0.012312
0.19	0.0133739	0.0202283	0.012291
0.191	0.0133429	0.0201971	0.0122552
0.192	0.013327	0.0201829	0.0122369
0.193	0.0133293	0.0201753	0.0122269
0.194	0.0133077	0.0201498	0.0121967
0.195	0.0133016	0.0201367	0.0121894
0.196	0.013274	0.0201017	0.012156
0.197	0.0132754	0.0201031	0.0121478
0.198	0.0132475	0.0200754	0.0121134
0.199	0.0132535	0.0200775	0.0121095
0.2	0.0132345	0.0200526	0.0120824
0.201	0.0132246	0.0200333	0.0120694
0.202	0.0132083	0.0200186	0.0120465
0.203	0.0131847	0.0199955	0.0120193
0.204	0.0131814	0.019983	0.012004
0.205	0.0131594	0.0199616	0.0119757
0.206	0.0131483	0.0199392	0.0119612
0.207	0.0131266	0.0199182	0.0119271
0.208	0.0131185	0.0199086	0.011923
0.209	0.0131098	0.0198966	0.0118993
0.21	0.0131129	0.0198925	0.0118924
0.211	0.0130867	0.0198558	0.0118576
0.212	0.01307	0.0198489	0.0118367
0.213	0.0130646	0.0198352	0.0118271
0.214	0.0130542	0.019821	0.0118059
0.215	0.0130318	0.0197973	0.0117784
0.216	0.0130167	0.0197829	0.0117572
0.217	0.01301	0.0197613	0.0117386
0.218	0.0129948	0.0197459	0.0117248
0.219	0.0129736	0.0197211	0.0116951
0.22	0.0129633	0.0197066	0.0116762
0.221	0.0129571	0.0196974	0.0116618
0.222	0.0129446	0.0196754	0.0116452
0.223	0.0129213	0.0196599	0.0116166
0.224	0.0129003	0.0196298	0.0115836
0.225	0.0128977	0.0196229	0.011578
0.226	0.0129007	0.0196156	0.0115699
0.227	0.0128785	0.0195997	0.0115492
0.228	0.0128704	0.0195776	0.0115299
0.229	0.0128521	0.0195588	0.0115011
0.23	0.0128345	0.0195394	0.0114712
0.231	0.0128249	0.019527	0.0114625
0.232	0.012821	0.0195167	0.0114502
0.233	0.012801	0.019494	0.0114222
0.234	0.0127868	0.0194828	0.0114064
0.235	0.0127591	0.0194504	0.0113725
0.236	0.0127633	0.0194505	0.0113658
0.237	0.012734	0.0194166	0.0113376
0.238	0.0127229	0.0193988	0.0113168
0.239	0.0127262	0.0193993	0.0113079
0.24	0.0127125	0.0193809	0.0112943
0.241	0.0126979	0.019362	0.0112688
0.242	0.0126933	0.0193517	0.011246
0.243	0.012675	0.0193349	0.0112285
0.244	0.0126592	0.0193132	0.0112048
0.245	0.0126563	0.0192982	0.0111877
0.246	0.0126363	0.0192792	0.011174
0.247	0.0126119	0.0192537	0.0111443
0.248	0.0125918	0.0192309	0.0111177
0.249	0.0125651	0.0192055	0.0110849
0.25	0.0125697	0.0192003	0.0110769
0.251	0.0125694	0.0191975	0.0110759
0.252	0.0125673	0.0191883	0.0110625
0.253	0.0125594	0.0191782	0.0110437
0.254	0.0125445	0.0191592	0.0110287
0.255	0.0125211	0.019131	0.0109897
0.256	0.0125038	0.0191139	0.0109721
0.257	0.01249	0.0190965	0.0109489
0.258	0.012486	0.0190828	0.0109322
0.259	0.0124573	0.0190567	0.0109057
0.26	0.0124503	0.0190424	0.0108865
0.261	0.0124365	0.0190247	0.0108699
0.262	0.0124103	0.018998	0.0108399
0.263	0.0124192	0.0190042	0.0108375
0.264	0.0123958	0.0189764	0.0108149
0.265	0.0123897	0.0189667	0.0107926
0.266	0.0123721	0.0189451	0.0107738
0.267	0.0123667	0.0189382	0.0107611
0.268	0.01236	0.0189263	0.0107414
0.269	0.0123425	0.0189023	0.0107259
0.27	0.0123419	0.0189003	0.0107097
0.271	0.0123241	0.0188773	0.0106942
0.272	0.0123057	0.0188551	0.0106653
0.273	0.012295	0.0188353	0.0106493
0.274	0.0122776	0.0188209	0.0106306
0.275	0.0122818	0.0188209	0.0106225
0.276	0.012246	0.0187785	0.0105813
0.277	0.0122477	0.018779	0.0105734
0.278	0.0122364	0.0187635	0.0105519
0.279	0.0122104	0.0187363	0.0105231
0.28	0.0121972	0.0187229	0.0105127
0.281	0.0121863	0.0187029	0.0104897
0.282	0.0121633	0.0186762	0.010466
0.283	0.0121614	0.018675	0.0104532
0.284	0.0121377	0.0186482	0.0104207
0.285	0.0121422	0.0186456	0.0104235
0.286	0.0121181	0.018619	0.0103889
0.287	0.0121089	0.0186055	0.0103752
0.288	0.0120987	0.018594	0.0103588
0.289	0.0120814	0.0185723	0.0103342
0.29	0.01208	0.0185628	0.0103279
0.291	0.0120621	0.0185447	0.0103008
0.292	0.0120397	0.018521	0.0102779
0.293	0.0120423	0.0185147	0.0102699
0.294	0.0120327	0.0184962	0.0102493
0.295	0.01201	0.0184793	0.0102229
0.296	0.0120068	0.0184614	0.0102139
0.297	0.0119827	0.0184352	0.0101821
0.298	0.011971	0.0184299	0.0101672
0.299	0.0119635	0.0184092	0.0101502
0.3	0.0119592	0.0184032	0.010142
0.301	0.011926	0.0183738	0.0101017
0.302	0.0119137	0.0183579	0.0100903
0.303	0.0119126	0.0183502	0.0100715
0.304	0.0119197	0.0183466	0.0100756
0.305	0.0119067	0.0183333	0.0100567
0.306	0.0118824	0.0183009	0.0100304
0.307	0.0118736	0.0182918	0.0100109
0.308	0.0118523	0.0182687	0.00998157
0.309	0.011847	0.0182588	0.00997615
0.31	0.011826	0.0182355	0.00994733
0.311	0.0118306	0.0182367	0.0099435
0.312	0.0118038	0.0182042	0.00990768
0.313	0.0117927	0.0181946	0.00989334
0.314	0.0117716	0.0181715	0.00986595
0.315	0.0117563	0.0181532	0.00984633
0.316	0.0117502	0.0181425	0.00983028
0.317	0.0117304	0.0181132	0.00981003
0.318	0.0117178	0.0180999	0.00978441
0.319	0.0117122	0.0180921	0.00977553
0.32	0.0117063	0.0180846	0.00976085
0.321	0.0116967	0.0180707	0.00974614
0.322	0.0116879	0.0180511	0.00973417
0.323	0.0116879	0.0180453	0.00971862
0.324	0.0116743	0.0180351	0.00970867
0.325	0.0116433	0.0179998	0.00966547
0.326	0.0116268	0.0179807	0.00964578
0.327	0.011636	0.0179862	0.00965131
0.328	0.011617	0.0179585	0.0096277
0.329	0.0116038	0.0179443	0.00960352
0.33	0.0115832	0.0179177	0.009579
0.331	0.0115913	0.017923	0.00957596
0.332	0.0115513	0.0178843	0.00953173
0.333	0.0115554	0.0178796	0.00953345
0.334	0.0115357	0.0178588	0.0095115
0.335	0.0115377	0.0178528	0.00949965
0.336	0.0115184	0.0178312	0.00947549
0.337	0.011502	0.0178131	0.00945224
0.338	0.011489	0.0177977	0.00943181
0.339	0.0114624	0.0177709	0.00940587
0.34	0.0114611	0.0177659	0.0093949
0.341	0.0114528	0.0177518	0.00937901
0.342	0.0114514	0.0177422	0.00937431
0.343	0.0114524	0.0177382	0.00936306
0.344	0.0114112	0.0177027	0.0093245
0.345	0.0114244	0.0177051	0.00932816
0.346	0.0113871	0.0176714	0.00928807
0.347	0.0113685	0.0176471	0.00926432
0.348	0.0113641	0.0176412	0.00925243
0.349	0.0113403	0.0176112	0.00922058
0.35	0.0113367	0.0176042	0.00922232
0.351	0.0113492	0.0176128	0.00921685
0.352	0.0113228	0.0175858	0.00918239
0.353	0.0113111	0.0175687	0.00916765
0.354	0.0113296	0.0175742	0.00917661
0.355	0.0112843	0.0175337	0.00912837
0.356	0.0112776	0.0175238	0.00911212
0.357	0.0112593	0.0174997	0.00909253
0.358	0.0112385	0.0174853	0.00906531
0.359	0.0112409	0.0174782	0.00906323
0.36	0.0112243	0.0174607	0.0090388
0.361	0.0112151	0.0174398	0.00902191
0.362	0.011195	0.0174183	0.00899912
0.363	0.0111799	0.0174031	0.00898345
0.364	0.0111825	0.0173926	0.00897722
0.365	0.0111663	0.0173835	0.00895738
0.366	0.0111609	0.017369	0.00893811
0.367	0.0111479	0.0173508	0.00892389
0.368	0.0111152	0.0173208	0.00889068
0.369	0.0111132	0.0173124	0.00887893
0.37	0.0111181	0.0173112	0.00887783
0.371	0.0110931	0.017291	0.00884257
0.372	0.0110984	0.0172774	0.00884269
0.373	0.011079	0.0172614	0.00881486
0.374	0.0110648	0.0172451	0.00880304
0.375	0.011041	0.0172165	0.00877551
0.376	0.0110432	0.0172177	0.00876637
0.377	0.0110266	0.017198	0.00874903
0.378	0.0110234	0.0171877	0.00873449
0.379	0.0109899	0.0171589	0.0086966
0.38	0.0109892	0.0171493	0.00869212
0.381	0.010988	0.0171401	0.00868196
0.382	0.0109618	0.0171133	0.00865325
0.383	0.0109702	0.0171199	0.00865496
0.384	0.0109396	0.017083	0.00861999
0.385	0.0109271	0.0170684	0.00859916
0.386	0.0108931	0.0170358	0.00856343
0.387	0.0109018	0.0170432	0.00856576
0.388	0.0109028	0.0170328	0.00855975
0.389	0.0108857	0.0170153	0.00854094
0.39	0.0108798	0.0170009	0.00852515
0.391	0.0108736	0.016987	0.00851567
0.392	0.0108586	0.0169715	0.00849112
0.393	0.0108581	0.0169702	0.00849139
0.394	0.0108088	0.0169168	0.00844079
0.395	0.0108176	0.0169129	0.00843949
0.396	0.0108215	0.0169184	0.00843627
0.397	0.0107972	0.0168902	0.0084043
0.398	0.0107923	0.0168816	0.00840005
0.399	0.0107671	0.0168616	0.00836694
0.4	0.010745	0.0168362	0.008339
0.401	0.0107359	0.016816	0.00832884
0.402	0.0107415	0.016819	0.00832284
0.403	0.0107249	0.0168028	0.00830306
0.404	0.0107026	0.0167714	0.0082795
0.405	0.0107187	0.0167839	0.00828596
0.406	0.0106882	0.0167537	0.00825001
0.407	0.0106655	0.016732	0.00822558
0.408	0.0106797	0.0167359	0.0082231
0.409	0.0106426	0.016696	0.00818913
0.41	0.0106415	0.0166905	0.00817903
0.411	0.0106234	0.016675	0.00815288
0.412	0.0106027	0.0166547	0.00813227
0.413	0.0106158	0.0166564	0.00813807
0.414	0.0105882	0.0166291	0.00810418
0.415	0.0105885	0.0166305	0.00810675
0.416	0.0105628	0.0165938	0.0080678
0.417	0.0105616	0.0165902	0.00806107
0.418	0.0105339	0.0165587	0.00803015
0.419	0.0105547	0.016581	0.00804056
0.42	0.0105416	0.016549	0.00802166
0.421	0.0105314	0.0165393	0.00801345
0.422	0.0105214	0.0165232	0.00799618
0.423	0.0104838	0.0164948	0.00795641
0.424	0.0104695	0.0164757	0.0079369
0.425	0.0104518	0.01645	0.0079134
0.426	0.0104614	0.016459	0.00791773
0.427	0.0104436	0.0164366	0.00789167
0.428	0.0104265	0.0164071	0.00788241
0.429	0.0104175	0.0164115	0.00786182
0.43	0.010413	0.016393	0.00784461
0.431	0.0104193	0.0163928	0.00784627
0.432	0.0103986	0.0163748	0.00782258
0.433	0.0103896	0.0163522	0.00780302
0.434	0.0103482	0.0163178	0.0077752
0.435	0.0103522	0.0163169	0.00776433
0.436	0.0103518	0.0163117	0.00774691
0.437	0.010317	0.0162779	0.0077196
0.438	0.0103385	0.0162831	0.00773497
0.439	0.0103237	0.0162732	0.00771567
0.44	0.010284	0.0162317	0.00767397
0.441	0.010263	0.0162149	0.00764715
0.442	0.0102619	0.0162058	0.00764273
0.443	0.0102593	0.0161925	0.00763074
0.444	0.0102402	0.0161718	0.0076034
0.445	0.0102231	0.0161482	0.00759339
0.446	0.0101987	0.0161242	0.00756631
0.447	0.0102225	0.0161297	0.00758081
0.448	0.0102082	0.0161201	0.00755982
0.449	0.0101953	0.0161055	0.0075421
0.45	0.010164	0.0160767	0.00750177
0.451	0.0101637	0.0160698	0.00749837
0.452	0.0101646	0.0160698	0.00749831
0.453	0.0101757	0.0160653	0.00750042
0.454	0.0101366	0.0160304	0.00745704
0.455	0.0101006	0.0160041	0.00742111
0.456	0.0101075	0.0159905	0.00742519
0.457	0.0101316	0.0160113	0.00742789
0.458	0.0100911	0.0159788	0.00738782
0.459	0.0100723	0.0159535	0.00736543
0.46	0.0100603	0.0159276	0.00734744
0.461	0.0100669	0.0159269	0.00735562
0.462	0.0100642	0.0159278	0.00734079
0.463	0.0100495	0.0159092	0.00732145
0.464	0.010024	0.0158896	0.00730223
0.465	0.0100057	0.0158604	0.00727199
0.466	0.0100025	0.0158489	0.00727089
0.467	0.0099978	0.0158436	0.00726328
0.468	0.00995588	0.0158009	0.0072173
0.469	0.00994898	0.0157941	0.00720434
0.47	0.00995261	0.0157869	0.00720298
0.471	0.00992801	0.0157656	0.00717108
0.472	0.00992558	0.0157527	0.00717109
0.473	0.0099124	0.0157397	0.00714778
0.474	0.00992517	0.0157446	0.00714839
0.475	0.00987752	0.0157088	0.00710547
0.476	0.00989829	0.0157086	0.00711766
0.477	0.00985626	0.0156714	0.00707881
0.478	0.00985586	0.0156631	0.00706852
0.479	0.00984512	0.0156481	0.00705845
0.48	0.0098246	0.0156241	0.00703019
0.481	0.00983974	0.0156234	0.00703466
0.482	0.00980875	0.0156081	0.00700108
0.483	0.0098221	0.0156107	0.00701292
0.484	0.00981025	0.0155906	0.00699725
0.485	0.00977806	0.0155592	0.00696761
0.486	0.00976767	0.0155427	0.00694909
0.487	0.0097651	0.0155393	0.00693396
0.488	0.00976135	0.0155196	0.00693126
0.489	0.00974186	0.0154982	0.00691243
0.49	0.00971916	0.0154822	0.00687254
0.491	0.00972856	0.0154839	0.00689128
0.492	0.00970057	0.0154555	0.00684923
0.493	0.00967331	0.015429	0.00682333
0.494	0.00967202	0.0154255	0.00681923
0.495	0.00967004	0.0154168	0.00681369
0.496	0.00965813	0.0153984	0.00679594
0.497	0.00965745	0.0153941	0.00678657
0.498	0.00964009	0.0153719	0.00677382
0.499	0.00958916	0.0153215	0.00672608
0.5	0.00961748	0.0153425	0.00673993
0.501	0.00958994	0.0153136	0.00671261
0.502	0.00957969	0.0153001	0.00670034
0.503	0.00956083	0.0152844	0.00667545
0.504	0.00958654	0.0152875	0.00670094
0.505	0.00956383	0.0152721	0.00666689
0.506	0.00954891	0.0152507	0.00665479
0.507	0.00953212	0.0152216	0.00662782
0.508	0.0095485	0.0152267	0.0066431
0.509	0.00952621	0.0152098	0.00662204
0.51	0.00946807	0.0151602	0.00655861
0.511	0.00947881	0.0151617	0.00656613
0.512	0.0094825	0.0151619	0.00656299
0.513	0.00946058	0.0151316	0.00654336
0.514	0.00945206	0.0151251	0.00652944
0.515	0.00946758	0.0151271	0.00653717
0.516	0.0094217	0.0150861	0.00648939
0.517	0.00941147	0.015079	0.00647359
0.518	0.00938845	0.0150482	0.00644999
0.519	0.00939805	0.0150541	0.0064617
0.52	0.00939591	0.0150423	0.0064416
0.521	0.00934456	0.0149925	0.00639556
0.522	0.00937091	0.0150098	0.00642005
0.523	0.00934293	0.0149757	0.00639088
0.524	0.00934928	0.0149754	0.00638629
0.525	0.00932752	0.0149558	0.00636379
0.526	0.00929919	0.0149203	0.0063424
0.527	0.00928968	0.0149164	0.00632455
0.528	0.00926802	0.0148857	0.00630136
0.529	0.00930674	0.0149189	0.00632708
0.53	0.00927579	0.0148761	0.00629229
0.531	0.00927203	0.0148741	0.00629009
0.532	0.00923601	0.0148543	0.00624969
0.533	0.00924137	0.0148392	0.0062507
0.534	0.00924264	0.0148276	0.00624872
0.535	0.00920492	0.014797	0.00621098
0.536	0.00922363	0.014808	0.00622327
0.537	0.00918108	0.0147542	0.0061879
0.538	0.00915752	0.0147359	0.00617039
0.539	0.0091768	0.0147388	0.00617528
0.54	0.00915249	0.0147252	0.00614934
0.541	0.00912929	0.0146985	0.00612331
0.542	0.00911756	0.0146769	0.00610077
0.543	0.00911351	0.014672	0.00609861
0.544	0.00909689	0.0146451	0.00608872
0.545	0.00909537	0.0146368	0.00607254
0.546	0.00909419	0.01464	0.00606606
0.547	0.00907962	0.0146096	0.00605862
0.548	0.00906429	0.0145886	0.00603719
0.549	0.00906761	0.0145897	0.00604185
0.55	0.00905088	0.0145757	0.00601624
0.551	0.00902098	0.0145385	0.00597973
0.552	0.00901519	0.0145374	0.00597819
0.553	0.00904615	0.0145449	0.00599494
0.554	0.00899874	0.014505	0.00596009
0.555	0.00898063	0.0144923	0.00594068
0.556	0.00898291	0.0144818	0.00593092
0.557	0.0089552	0.0144392	0.00591128
0.558	0.00896501	0.0144522	0.00590951
0.559	0.00895444	0.0144316	0.0059015
0.56	0.00892584	0.0144059	0.00586924
0.561	0.0089011	0.0143824	0.00584967
0.562	0.00890331	0.0143737	0.00585187
0.563	0.00891406	0.0143642	0.00585559
0.564	0.00886355	0.014336	0.00579986
0.565	0.00886204	0.0143154	0.00579888
0.566	0.00885329	0.0143092	0.00578505
0.567	0.00885978	0.0143045	0.00579582
0.568	0.00883652	0.0142775	0.0057719
0.569	0.00882186	0.0142643	0.00575053
0.57	0.00882426	0.0142576	0.00574799
0.571	0.00880938	0.0142339	0.00573121
0.572	0.00879185	0.0142187	0.00571778
0.573	0.00875639	0.0141827	0.00569101
0.574	0.00877783	0.0141871	0.00569165
0.575	0.00876219	0.0141755	0.00568248
0.576	0.00876958	0.0141731	0.00569768
0.577	0.00873183	0.0141351	0.00565236
0.578	0.00871649	0.0141178	0.00563405
0.579	0.00868636	0.0140882	0.00560789
0.58	0.00869257	0.0140904	0.00560066
0.581	0.00867896	0.0140742	0.00558243
0.582	0.00871078	0.0140848	0.00561785
0.583	0.00867552	0.0140582	0.00557758
0.584	0.00867892	0.0140535	0.00557967
0.585	0.00863543	0.0140054	0.00555073
0.586	0.00862391	0.0139959	0.00553293
0.587	0.0085942	0.0139548	0.00550789
0.588	0.00858942	0.0139547	0.00548566
0.589	0.00861153	0.0139556	0.00550522
0.59	0.00857219	0.0139191	0.00548181
0.591	0.00859373	0.0139268	0.00549343
0.592	0.00855467	0.0138842	0.00545698
0.593	0.00852386	0.0138554	0.00542727
0.594	0.00854506	0.0138602	0.00544793
0.595	0.00851392	0.0138347	0.00541815
0.596	0.00854238	0.0138462	0.00542453
0.597	0.00851987	0.0138217	0.0054098
0.598	0.00850025	0.0138076	0.0053871
0.599	0.00847065	0.013769	0.00536016
0.6	0.00846547	0.0137605	0.00536064
0.601	0.00851259	0.0137913	0.00540822
0.602	0.00843364	0.0137299	0.00531887
0.603	0.00841366	0.013691	0.00531084
0.604	0.00839578	0.0136751	0.00530057
0.605	0.0084187	0.0137006	0.0053039
0.606	0.0083797	0.0136457	0.00528347
0.607	0.00840115	0.0136625	0.00529143
0.608	0.0083853	0.0136365	0.00527457
0.609	0.00837343	0.0136202	0.00527194
0.61	0.00835582	0.0135974	0.00525439
0.611	0.00836965	0.0136053	0.00524752
0.612	0.00835229	0.0135906	0.00523513
0.613	0.00831793	0.0135464	0.00520957
0.614	0.00831428	0.0135345	0.00521403
0.615	0.00830386	0.0135207	0.00519679
0.616	0.0082932	0.0134901	0.00518349
0.617	0.00828586	0.0134915	0.00518734
0.618	0.00828352	0.0134926	0.0051698
0.619	0.00827642	0.0134578	0.00517049
0.62	0.00826151	0.0134403	0.00514681
0.621	0.00822371	0.0134001	0.00512288
0.622	0.00822411	0.0134118	0.00511286
0.623	0.00820085	0.0133823	0.00509347
0.624	0.00817706	0.0133561	0.00507636
0.625	0.00816835	0.0133446	0.00506842
0.626	0.00817429	0.0133214	0.00508036
0.627	0.00815241	0.0133049	0.00504998
0.628	0.00816253	0.0133049	0.0050528
0.629	0.00814289	0.013284	0.00504747
0.63	0.00815245	0.0132758	0.0050383
0.631	0.0081255	0.0132384	0.00503316
0.632	0.00811579	0.0132289	0.00501605
0.633	0.00808857	0.0132158	0.00500179
0.634	0.00808282	0.0131942	0.00498858
0.635	0.00804167	0.0131667	0.00495385
0.636	0.00808172	0.0131741	0.0049857
0.637	0.00805105	0.0131489	0.00495674
0.638	0.0080047	0.0131128	0.00491338
0.639	0.00808506	0.0131359	0.00499637
0.64	0.00800802	0.0130964	0.00492243
0.641	0.00801443	0.0130922	0.00493151
0.642	0.00801807	0.0130629	0.00493091
0.643	0.00797892	0.0130357	0.00490454
0.644	0.00801094	0.0130496	0.00492221
0.645	0.00793822	0.0129949	0.00485857
0.646	0.00796518	0.0129878	0.00489187
0.647	0.00796186	0.0129839	0.00488461
0.648	0.00789545	0.0129364	0.00481848
0.649	0.00792583	0.0129505	0.00484733
0.65	0.00787305	0.0128823	0.0048138
0.651	0.0079215	0.0129224	0.00484846
0.652	0.00789089	0.0128882	0.00482545
0.653	0.00787707	0.0128733	0.00481807
0.654	0.00786464	0.0128421	0.00481394
0.655	0.00784878	0.0128187	0.00479422
0.656	0.00782602	0.01281	0.00477491
0.657	0.00783646	0.0127922	0.0047887
0.658	0.00782402	0.0127691	0.00476908
0.659	0.00784165	0.0127626	0.00478832
0.66	0.00778151	0.0127328	0.00472792
0.661	0.00783531	0.0127571	0.00478686
0.662	0.00779803	0.0127342	0.00475377
0.663	0.00778996	0.0126973	0.00475244
0.664	0.00776454	0.0126678	0.0047341
0.665	0.00778264	0.0126685	0.00475251
0.666	0.00772759	0.0126305	0.00469538
0.667	0.00771594	0.012614	0.00469539
0.668	0.00773103	0.0126105	0.00469522
0.669	0.00767596	0.012554	0.00466964
0.67	0.00770107	0.0125769	0.00468231
0.671	0.00769726	0.0125428	0.00468473
0.672	0.00766568	0.0125244	0.00466572
0.673	0.00764826	0.0124915	0.00464306
0.674	0.00763733	0.0125013	0.00462268
0.675	0.00762064	0.0124604	0.00463141
0.676	0.00760529	0.0124406	0.00461715
0.677	0.00763745	0.012432	0.00463667
0.678	0.00756949	0.0123947	0.00458668
0.679	0.00758551	0.012376	0.00461108
0.68	0.00759375	0.0123808	0.00461945
0.681	0.00756395	0.0123606	0.00458642
0.682	0.0075354	0.0123327	0.00456231
0.683	0.00755945	0.0123141	0.00459841
0.684	0.00754048	0.0122986	0.00457974
0.685	0.00753849	0.0122865	0.00457781
0.686	0.00751897	0.0122448	0.00456124
0.687	0.00752448	0.0122453	0.00458539
0.688	0.00751179	0.0122222	0.00457322
0.689	0.00747395	0.012206	0.00453838
0.69	0.00747518	0.0121844	0.00452226
0.691	0.00746033	0.0121588	0.004532
0.692	0.00743866	0.0121418	0.00451525
0.693	0.00746873	0.0121323	0.00455215
0.694	0.00743401	0.01209	0.00451074
0.695	0.00743592	0.0120875	0.00452198
0.696	0.00738842	0.0120497	0.0044808
0.697	0.00739458	0.0120245	0.00449624
0.698	0.00743351	0.0120431	0.00452219
0.699	0.00737884	0.0120044	0.00448076
0.7	0.00738179	0.0119819	0.00448607
0.701	0.00737162	0.0119562	0.00448192
0.702	0.00735938	0.0119398	0.00448667
0.703	0.00732486	0.0119111	0.00445461
0.704	0.00730646	0.0118804	0.00444918
0.705	0.00735462	0.0118971	0.00448118
0.706	0.00733576	0.0118858	0.00445889
0.707	0.00731862	0.0118487	0.0044673
0.708	0.007296	0.0118211	0.00445341
0.709	0.00728549	0.0117982	0.00443989
0.71	0.00728416	0.011782	0.0044445
0.711	0.00724677	0.0117413	0.00441535
0.712	0.00723585	0.0117345	0.00441684
0.713	0.00725279	0.0117212	0.00441469
0.714	0.0072494	0.0117216	0.00442615
0.715	0.00724324	0.0116791	0.00443207
0.716	0.00718752	0.011636	0.00437946
0.717	0.00722853	0.0116507	0.00442239
0.718	0.00718718	0.011601	0.00439794
0.719	0.00718527	0.0115745	0.00440356
0.72	0.00718675	0.0115703	0.00440869
0.721	0.00717067	0.0115343	0.00440213
0.722	0.00717573	0.0115385	0.00439894
0.723	0.00714213	0.0114857	0.00438225
0.724	0.00712574	0.0114758	0.00436196
0.725	0.00716498	0.0114537	0.00441551
0.726	0.00705729	0.0114065	0.0043252
0.727	0.00710024	0.0114004	0.0043599
0.728	0.0070859	0.0113831	0.00436244
0.729	0.00710095	0.0113614	0.00437697
0.73	0.00703005	0.0112963	0.00431382
0.731	0.00709215	0.0113163	0.00439084
0.732	0.00707246	0.0112954	0.00435895
0.733	0.00707697	0.0113018	0.00437849
0.734	0.00703967	0.0112354	0.00435166
0.735	0.00706049	0.0112161	0.00437938
0.736	0.00703188	0.0112105	0.00435935
0.737	0.00700204	0.0111613	0.00434264
0.738	0.00698581	0.0111442	0.00432672
0.739	0.00700438	0.0111195	0.00435206
0.74	0.00703218	0.011123	0.00438673
0.741	0.00696795	0.0110777	0.00431763
0.742	0.00697945	0.0110544	0.00434553
0.743	0.00697827	0.0110193	0.00435307
0.744	0.00693582	0.0109904	0.00431112
0.745	0.00693249	0.0109928	0.00429898
0.746	0.00688999	0.0109345	0.00428773
0.747	0.00691929	0.0109309	0.00432525
0.748	0.0069406	0.0109054	0.00433947
0.749	0.00687928	0.0108592	0.00430026
0.75	0.00692091	0.0108683	0.00434682
0.751	0.0068784	0.010823	0.00429404
0.752	0.00687076	0.0108069	0.00430813
0.753	0.00688556	0.0107746	0.00432976
0.754	0.00689377	0.0107682	0.00434891
0.755	0.00685284	0.0107153	0.00431394
0.756	0.0068335	0.01069	0.00430371
0.757	0.00688119	0.0107074	0.00434377
0.758	0.00684294	0.0106628	0.00431888
0.759	0.00681635	0.0106328	0.00430107
0.76	0.0068696	0.0106306	0.00435775
0.761	0.00677573	0.0105587	0.00428135
0.762	0.00680049	0.0105587	0.00429925
0.763	0.00681181	0.0105401	0.00431251
0.764	0.0067461	0.0104888	0.00427246
0.765	0.0067938	0.0104853	0.00431223
0.766	0.00681345	0.0104557	0.00434091
0.767	0.00673688	0.0104262	0.00428255
0.768	0.00673777	0.0103856	0.00427914
0.769	0.00674408	0.0103754	0.00428857
0.77	0.00669477	0.0103243	0.00426255
0.771	0.00672366	0.0102993	0.00429349
0.772	0.00668812	0.0102545	0.00427451
0.773	0.00672657	0.0102519	0.00430531
0.774	0.00667974	0.010196	0.00428334
0.775	0.00671316	0.010191	0.0043097
0.776	0.00666176	0.0101372	0.00426777
0.777	0.00668109	0.0101224	0.00429381
0.778	0.00663629	0.0101084	0.00425642
0.779	0.00670406	0.010098	0.00431889
0.78	0.00663729	0.010034	0.00427446
0.781	0.00659527	0.0100085	0.00422857
0.782	0.00672255	0.0100301	0.00436171
0.783	0.00661797	0.00995927	0.00427154
0.784	0.00660115	0.00992135	0.00427611
0.785	0.00664523	0.0098974	0.00431307
0.786	0.00661605	0.00983795	0.00428423
0.787	0.00662827	0.00983451	0.00431699
0.788	0.00657806	0.00977313	0.00428498
0.789	0.00659821	0.00978239	0.00428691
0.79	0.00658117	0.00974303	0.00428642
0.791	0.00658862	0.00973327	0.00428812
0.792	0.0065447	0.00966803	0.00426393
0.793	0.00659823	0.00965399	0.00431885
0.794	0.0065442	0.00961274	0.00427684
0.795	0.00653553	0.0095957	0.0042825
0.796	0.00653706	0.00956556	0.00428341
0.797	0.00654425	0.00953241	0.00429434
0.798	0.00653043	0.00948228	0.00429526
0.799	0.00662846	0.00951876	0.00437825
0.8	0.00646455	0.00939408	0.00425418
0.801	0.00647046	0.00935451	0.00425695
0.802	0.00647193	0.00933719	0.00426367
0.803	0.00652939	0.00934434	0.00431923
0.804	0.00656932	0.00934261	0.0043552
0.805	0.0064409	0.0092463	0.00423799
0.806	0.0065086	0.00925309	0.00430419
0.807	0.0064451	0.00916468	0.00426862
0.808	0.00650781	0.00917875	0.00432435
0.809	0.00641871	0.00910919	0.00424247
0.81	0.00644072	0.0090766	0.00428505
0.811	0.00647602	0.00906306	0.00432077
0.812	0.00644901	0.00903119	0.00429511
0.813	0.00647544	0.00898476	0.00433367
0.814	0.00643466	0.00895832	0.0042994
0.815	0.00639612	0.00892921	0.00426112
0.816	0.00637448	0.0088324	0.00426442
0.817	0.00634759	0.00882072	0.00424013
0.818	0.00636185	0.00879078	0.00427117
0.819	0.0064317	0.00877441	0.00432689
0.82	0.00641721	0.00875381	0.0043143
0.821	0.00642503	0.00869515	0.00433916
0.822	0.00632759	0.0086562	0.00424598
0.823	0.00639646	0.00863229	0.00432235
0.824	0.00639388	0.00857819	0.00433139
0.825	0.00628858	0.00850449	0.00424023
0.826	0.00635898	0.00851936	0.0043022
0.827	0.00637597	0.00846721	0.00432525
0.828	0.00637721	0.00843576	0.00432344
0.829	0.00634002	0.00837901	0.00430612
0.83	0.0063714	0.00836669	0.00434155
0.831	0.0064075	0.00831897	0.00437977
0.832	0.00635679	0.00826694	0.00433675
0.833	0.00636466	0.00826789	0.00433103
0.834	0.00635352	0.00821337	0.00434932
0.835	0.00626785	0.00812582	0.00427052
0.836	0.00628727	0.00809144	0.00430209
0.837	0.00632939	0.0080606	0.00434133
0.838	0.00628882	0.00799945	0.00431055
0.839	0.00640702	0.00801429	0.00442608
0.84	0.00628164	0.00794528	0.00430718
0.841	0.00630119	0.00789375	0.00434639
0.842	0.00630209	0.00788113	0.00433725
0.843	0.00628324	0.00783395	0.00432561
0.844	0.00627758	0.0077982	0.00431511
0.845	0.00635795	0.00776854	0.00440314
0.846	0.00634236	0.00774717	0.00439993
0.847	0.00639068	0.00770437	0.00444657
0.848	0.00624428	0.00760308	0.00433356
0.849	0.00626214	0.00755779	0.00433308
0.85	0.00633614	0.00755301	0.00441517
0.851	0.00630007	0.00749703	0.00439627
0.852	0.00623041	0.00740697	0.00433578
0.853	0.00628846	0.00740757	0.00439302
0.854	0.00630101	0.00736268	0.00440948
0.855	0.00639867	0.00732532	0.00449763
0.856	0.00628777	0.00725093	0.00442421
0.857	0.00631598	0.00722733	0.0044432
0.858	0.00630347	0.00716873	0.00443426
0.859	0.0063064	0.00711129	0.00443187
0.86	0.00630914	0.00710155	0.004445
0.861	0.00629071	0.00701173	0.00442983
0.862	0.00629333	0.00698138	0.00444185
0.863	0.00629963	0.00690898	0.00446126
0.864	0.00634122	0.00689039	0.00448499
0.865	0.00635063	0.00685392	0.00449413
0.866	0.00640829	0.00680525	0.0045566
0.867	0.00634317	0.00674455	0.0045077
0.868	0.00638708	0.00669364	0.00455409
0.869	0.00630395	0.00662113	0.00448568
0.87	0.00626475	0.00657078	0.00445871
0.871	0.00640144	0.00655459	0.00457809
0.872	0.00636152	0.00650527	0.00454006
0.873	0.00637542	0.00642765	0.00454926
0.874	0.00637759	0.00640238	0.00456827
0.875	0.00628272	0.00634517	0.0044921
0.876	0.00641641	0.00627086	0.0046159
0.877	0.00646399	0.00626113	0.00465986
0.878	0.00640316	0.00617256	0.00460619
0.879	0.00644664	0.006153	0.00463266
0.88	0.00633468	0.00608128	0.00454438
0.881	0.00640549	0.00602348	0.00462508
0.882	0.00637307	0.00597025	0.00459018
0.883	0.00640776	0.00592628	0.00461736
0.884	0.00646074	0.00587874	0.00466006
0.885	0.00651408	0.005796	0.00472738
0.886	0.00640731	0.00574536	0.00461415
0.887	0.0065764	0.00570825	0.0047717
0.888	0.00657268	0.00565796	0.00477943
0.889	0.00643716	0.00558748	0.00464726
0.89	0.00649962	0.00555187	0.00471136
0.891	0.00670583	0.0055037	0.00490987
0.892	0.00666159	0.00545904	0.00484711
0.893	0.00663991	0.00536757	0.00484636
0.894	0.00658158	0.00528499	0.00478922
0.895	0.00657956	0.00526365	0.00478795
0.896	0.00665795	0.00521755	0.00485783
0.897	0.00661542	0.00514556	0.00482935
0.898	0.00675135	0.00508457	0.00493336
0.899	0.00677412	0.00500961	0.00495635
0.9	0.00683019	0.00496489	0.00500043
0.901	0.00670366	0.00488537	0.00489371
0.902	0.00674674	0.0048542	0.00492243
0.903	0.00707241	0.00483758	0.00522901
0.904	0.00680843	0.00471368	0.00498799
0.905	0.00693421	0.00468645	0.00508502
0.906	0.00699814	0.00460285	0.00515288
0.907	0.00718819	0.00458385	0.00532169
0.908	0.00718436	0.0044983	0.00530954
0.909	0.00711673	0.00442614	0.00523561
0.91	0.00721164	0.00441483	0.00530401
0.911	0.00732831	0.00433644	0.0054133
0.912	0.00740075	0.00426594	0.00546926
0.913	0.007434	0.004208	0.00549815
0.914	0.00755678	0.00416357	0.00559562
0.915	0.00756087	0.00405402	0.00558814
0.916	0.00759935	0.00400293	0.00560774
0.917	0.00764901	0.00396201	0.00565761
0.918	0.0077074	0.00387238	0.00570931
0.919	0.00777232	0.00385074	0.005732
0.92	0.00826009	0.00377339	0.00615231
0.921	0.00778406	0.00367748	0.00572585
0.922	0.00792905	0.00365562	0.0058388
0.923	0.00810303	0.00359261	0.00599585
0.924	0.00846526	0.00352747	0.00629751
0.925	0.00813586	0.00341614	0.00598003
0.926	0.00822335	0.00336333	0.00605334
0.927	0.00861204	0.00334149	0.00636631
0.928	0.00860909	0.00322928	0.00634765
0.929	0.00846058	0.00316198	0.0062187
0.93	0.00882928	0.00310336	0.00650462
0.931	0.00877995	0.00305753	0.00646291
0.932	0.00899014	0.00295792	0.00663112
0.933	0.00930857	0.00288346	0.00686795
0.934	0.00933544	0.00285917	0.00685873
0.935	0.00954083	0.00278408	0.00701476
0.936	0.00956871	0.00272676	0.00703957
0.937	0.0100159	0.00268841	0.00740445
0.938	0.0102961	0.00261188	0.00759719
0.939	0.0105006	0.0026148	0.00777413
0.94	0.0104288	0.00251542	0.00766423
0.941	0.0110147	0.00244413	0.00814611
0.942	0.0112047	0.00236702	0.00825014
0.943	0.0112774	0.0023273	0.00827677
0.944	0.012036	0.00225892	0.00889962
0.945	0.0116563	0.00217369	0.00850944
0.946	0.0122632	0.00210361	0.00896789
0.947	0.0125311	0.00209265	0.00920348
0.948	0.0129157	0.00202456	0.00947481
0.949	0.0128147	0.00194927	0.00935026
0.95	0.0137556	0.00193647	0.0100948
0.951	0.0143922	0.00187155	0.0105453
0.952	0.0147406	0.00180542	0.0107667
0.953	0.0149623	0.00170542	0.0108535
0.954	0.0154362	0.00171927	0.0112249
0.955	0.0162219	0.00166023	0.0118327
0.956	0.0165932	0.00161573	0.0120793
0.957	0.0181116	0.00160705	0.0133048
0.958	0.0183517	0.00148961	0.0133333
0.959	0.0185421	0.00146671	0.0132791
0.96	0.0202398	0.00146759	0.0147122
0.961	0.022042	0.00147002	0.0161485
0.962	0.0218302	0.00132138	0.0156825
0.963	0.023361	0.00130841	0.016902
0.964	0.0243169	0.00121022	0.0174413
0.965	0.0259318	0.0012707	0.0187628
0.966	0.0263238	0.00120969	0.0189154
0.967	0.0283426	0.0011925	0.0203139
0.968	0.0305225	0.00111809	0.021779
0.969	0.0327854	0.00117105	0.0235777
0.97	0.0355696	0.00107982	0.0255007
0.971	0.0383801	0.00111411	0.0274385
0.972	0.039454	0.00108332	0.0280108
0.973	0.0431158	0.00110249	0.0306706
0.974	0.046644	0.00101502	0.033232
0.975	0.0509254	0.000965846	0.0361721
0.976	0.0576931	0.00108305	0.041081
0.977	0.0619402	0.0011923	0.0441276
0.978	0.0672093	0.00107934	0.0479557
0.979	0.0735529	0.00103124	0.0522291
0.98	0.0790913	0.00107289	0.0560909
0.981	0.0854299	0.00118952	0.059721
0.982	0.0943527	0.0014547	0.0676054
0.983	0.102178	0.00116399	0.0728819
0.984	0.113994	0.00128128	0.0804966
0.985	0.12423	0.00151493	0.0891495
0.986	0.13644	0.00124867	0.0969216
0.987	0.155709	0.00215322	0.112615
0.988	0.169415	0.00213978	0.123386
0.989	0.17451	0.00269429	0.126494
0.99	0.201471	0.00365005	0.147674
0.991	0.215653	0.00371544	0.156608
0.992	0.232176	0.0043983	0.170548
0.993	0.246079	0.00534663	0.181302
0.994	0.273601	0.00623989	0.204549
0.995	0.288716	0.00658284	0.212767
0.996	0.315474	0.0101	0.235255
0.997	0.332434	0.0137191	0.249523
0.998	0.3455	0.0195408	0.256225
