L	ropf	rcc	rsjc
0.7	0.109351	0.104092	0.102926
0.7003	0.109186	0.103925	0.102763
0.7006	0.109022	0.103758	0.1026
0.7009	0.108858	0.103591	0.102437
0.7012	0.108694	0.103425	0.102274
0.7015	0.10853	0.103259	0.102112
0.7018	0.108367	0.103093	0.10195
0.7021	0.108204	0.102927	0.101788
0.7024	0.108042	0.102762	0.101627
0.7027	0.10788	0.102597	0.101466
0.703	0.107718	0.102432	0.101306
0.7033	0.107556	0.102267	0.101145
0.7036	0.107395	0.102103	0.100986
0.7039	0.107234	0.101939	0.100826
0.7042	0.107074	0.101775	0.100667
0.7045	0.106913	0.101611	0.100508
0.7048	0.106754	0.101448	0.100349
0.7051	0.106594	0.101284	0.100191
0.7054	0.106435	0.101121	0.100033
0.7057	0.106276	0.100959	0.0998748
0.706	0.106117	0.100796	0.0997172
0.7063	0.105959	0.100634	0.0995599
0.7066	0.105801	0.100473	0.0994028
0.7069	0.105644	0.100311	0.099246
0.7072	0.105486	0.10015	0.0990894
0.7075	0.105329	0.0999889	0.0989331
0.7078	0.105173	0.0998282	0.098777
0.7081	0.105016	0.0996678	0.0986211
0.7084	0.10486	0.0995076	0.0984654
0.7087	0.104704	0.0993478	0.0983099
0.709	0.104549	0.0991883	0.0981546
0.7093	0.104394	0.099029	0.0979995
0.7096	0.104239	0.09887	0.0978446
0.7099	0.104084	0.0987113	0.09769
0.7102	0.103929	0.0985529	0.0975355
0.7105	0.103775	0.0983947	0.0973811
0.7108	0.103621	0.0982369	0.097227
0.7111	0.103468	0.0980793	0.0970731
0.7114	0.103314	0.097922	0.0969193
0.7117	0.103161	0.0977649	0.0967657
0.712	0.103008	0.0976082	0.0966123
0.7123	0.102855	0.0974517	0.096459
0.7126	0.102703	0.0972954	0.096306
0.7129	0.102551	0.0971394	0.096153
0.7132	0.102399	0.0969837	0.0960003
0.7135	0.102247	0.0968283	0.0958477
0.7138	0.102095	0.0966731	0.0956953
0.7141	0.101944	0.0965181	0.095543
0.7144	0.101793	0.0963635	0.0953909
0.7147	0.101642	0.0962091	0.095239
0.715	0.101491	0.0960549	0.0950872
0.7153	0.101341	0.095901	0.0949356
0.7156	0.10119	0.0957473	0.0947841
0.7159	0.10104	0.0955939	0.0946327
0.7162	0.10089	0.0954408	0.0944816
0.7165	0.100741	0.0952879	0.0943305
0.7168	0.100591	0.0951352	0.0941797
0.7171	0.100442	0.0949829	0.0940289
0.7174	0.100293	0.0948307	0.0938784
0.7177	0.100144	0.0946789	0.0937279
0.718	0.0999949	0.0945273	0.0935777
0.7183	0.0998463	0.0943759	0.0934275
0.7186	0.0996979	0.0942249	0.0932776
0.7189	0.0995496	0.0940741	0.0931278
0.7192	0.0994016	0.0939235	0.0929781
0.7195	0.0992537	0.0937732	0.0928286
0.7198	0.099106	0.0936232	0.0926792
0.7201	0.0989585	0.0934735	0.0925301
0.7204	0.0988112	0.093324	0.0923811
0.7207	0.0986641	0.0931748	0.0922322
0.721	0.0985171	0.0930259	0.0920835
0.7213	0.0983703	0.0928773	0.091935
0.7216	0.0982238	0.0927289	0.0917867
0.7219	0.0980774	0.0925809	0.0916385
0.7222	0.0979312	0.0924331	0.0914906
0.7225	0.0977852	0.0922856	0.0913428
0.7228	0.0976394	0.0921384	0.0911952
0.7231	0.0974938	0.0919914	0.0910478
0.7234	0.0973484	0.0918448	0.0909006
0.7237	0.0972032	0.0916984	0.0907536
0.724	0.0970583	0.0915524	0.0906068
0.7243	0.0969135	0.0914066	0.0904602
0.7246	0.096769	0.0912612	0.0903138
0.7249	0.0966247	0.091116	0.0901677
0.7252	0.0964807	0.0909711	0.0900218
0.7255	0.0963369	0.0908265	0.0898761
0.7258	0.0961933	0.0906822	0.0897306
0.7261	0.09605	0.0905382	0.0895854
0.7264	0.0959069	0.0903946	0.0894404
0.7267	0.0957641	0.0902512	0.0892956
0.727	0.0956215	0.0901081	0.0891511
0.7273	0.0954792	0.0899653	0.0890068
0.7276	0.0953372	0.0898228	0.0888628
0.7279	0.0951955	0.0896805	0.088719
0.7282	0.095054	0.0895386	0.0885755
0.7285	0.0949129	0.089397	0.0884322
0.7288	0.094772	0.0892557	0.0882892
0.7291	0.0946314	0.0891146	0.0881465
0.7294	0.0944912	0.0889739	0.088004
0.7297	0.0943512	0.0888334	0.0878617
0.73	0.0942116	0.0886932	0.0877197
0.7303	0.0940722	0.0885533	0.087578
0.7306	0.0939332	0.0884136	0.0874365
0.7309	0.0937945	0.0882743	0.0872953
0.7312	0.0936562	0.0881352	0.0871543
0.7315	0.0935181	0.0879963	0.0870135
0.7318	0.0933804	0.0878578	0.086873
0.7321	0.093243	0.0877195	0.0867328
0.7324	0.0931059	0.0875814	0.0865927
0.7327	0.0929692	0.0874436	0.086453
0.733	0.0928328	0.0873061	0.0863134
0.7333	0.0926967	0.0871687	0.0861741
0.7336	0.0925609	0.0870317	0.0860349
0.7339	0.0924255	0.0868948	0.085896
0.7342	0.0922903	0.0867582	0.0857573
0.7345	0.0921555	0.0866218	0.0856188
0.7348	0.092021	0.0864857	0.0854805
0.7351	0.0918868	0.0863497	0.0853424
0.7354	0.0917529	0.086214	0.0852045
0.7357	0.0916193	0.0860784	0.0850667
0.736	0.091486	0.0859431	0.0849291
0.7363	0.091353	0.0858079	0.0847917
0.7366	0.0912203	0.0856729	0.0846544
0.7369	0.0910878	0.0855382	0.0845173
0.7372	0.0909556	0.0854035	0.0843804
0.7375	0.0908237	0.0852691	0.0842435
0.7378	0.090692	0.0851348	0.0841068
0.7381	0.0905606	0.0850007	0.0839702
0.7384	0.0904294	0.0848668	0.0838337
0.7387	0.0902984	0.084733	0.0836974
0.739	0.0901676	0.0845993	0.0835611
0.7393	0.090037	0.0844658	0.0834249
0.7396	0.0899067	0.0843324	0.0832889
0.7399	0.0897765	0.0841992	0.0831529
0.7402	0.0896465	0.0840661	0.0830169
0.7405	0.0895167	0.0839331	0.0828811
0.7408	0.089387	0.0838002	0.0827453
0.7411	0.0892575	0.0836674	0.0826096
0.7414	0.0891281	0.0835347	0.0824739
0.7417	0.0889988	0.0834022	0.0823383
0.742	0.0888697	0.0832697	0.0822027
0.7423	0.0887407	0.0831373	0.0820672
0.7426	0.0886118	0.083005	0.0819317
0.7429	0.088483	0.0828728	0.0817962
0.7432	0.0883543	0.0827407	0.0816607
0.7435	0.0882256	0.0826086	0.0815253
0.7438	0.088097	0.0824767	0.0813899
0.7441	0.0879685	0.0823447	0.0812545
0.7444	0.08784	0.0822129	0.0811191
0.7447	0.0877116	0.0820811	0.0809837
0.745	0.0875832	0.0819493	0.0808483
0.7453	0.0874548	0.0818176	0.0807129
0.7456	0.0873265	0.0816859	0.0805776
0.7459	0.0871982	0.0815543	0.0804422
0.7462	0.0870698	0.0814227	0.0803068
0.7465	0.0869415	0.0812911	0.0801714
0.7468	0.0868132	0.0811596	0.080036
0.7471	0.0866848	0.081028	0.0799005
0.7474	0.0865565	0.0808965	0.0797651
0.7477	0.0864281	0.0807651	0.0796296
0.748	0.0862997	0.0806336	0.0794941
0.7483	0.0861712	0.0805021	0.0793587
0.7486	0.0860427	0.0803706	0.0792231
0.7489	0.0859141	0.0802392	0.0790876
0.7492	0.0857855	0.0801077	0.078952
0.7495	0.0856569	0.0799762	0.0788165
0.7498	0.0855282	0.0798448	0.0786809
0.7501	0.0853994	0.0797133	0.0785452
0.7504	0.0852705	0.0795818	0.0784096
0.7507	0.0851416	0.0794502	0.0782739
0.751	0.0850126	0.0793187	0.0781382
0.7513	0.0848836	0.0791871	0.0780025
0.7516	0.0847544	0.0790556	0.0778667
0.7519	0.0846252	0.0789239	0.077731
0.7522	0.0844959	0.0787923	0.0775952
0.7525	0.0843665	0.0786606	0.0774594
0.7528	0.084237	0.078529	0.0773236
0.7531	0.0841074	0.0783972	0.0771878
0.7534	0.0839778	0.0782655	0.0770519
0.7537	0.083848	0.0781337	0.0769161
0.754	0.0837182	0.0780019	0.0767802
0.7543	0.0835883	0.07787	0.0766443
0.7546	0.0834582	0.0777382	0.0765085
0.7549	0.0833281	0.0776062	0.0763726
0.7552	0.0831979	0.0774743	0.0762367
0.7555	0.0830676	0.0773423	0.0761009
0.7558	0.0829373	0.0772103	0.075965
0.7561	0.0828068	0.0770783	0.0758292
0.7564	0.0826763	0.0769462	0.0756934
0.7567	0.0825456	0.0768141	0.0755576
0.757	0.0824149	0.076682	0.0754218
0.7573	0.0822842	0.0765499	0.0752861
0.7576	0.0821533	0.0764177	0.0751504
0.7579	0.0820224	0.0762855	0.0750148
0.7582	0.0818914	0.0761533	0.0748792
0.7585	0.0817604	0.0760211	0.0747436
0.7588	0.0816293	0.0758889	0.0746082
0.7591	0.0814981	0.0757567	0.0744728
0.7594	0.0813669	0.0756245	0.0743375
0.7597	0.0812357	0.0754923	0.0742022
0.76	0.0811044	0.0753601	0.0740671
0.7603	0.0809731	0.0752279	0.073932
0.7606	0.0808417	0.0750958	0.0737971
0.7609	0.0807104	0.0749636	0.0736623
0.7612	0.080579	0.0748315	0.0735276
0.7615	0.0804476	0.0746995	0.073393
0.7618	0.0803162	0.0745675	0.0732586
0.7621	0.0801849	0.0744355	0.0731243
0.7624	0.0800535	0.0743036	0.0729901
0.7627	0.0799222	0.0741717	0.0728561
0.763	0.0797909	0.07404	0.0727223
0.7633	0.0796597	0.0739083	0.0725886
0.7636	0.0795285	0.0737767	0.0724552
0.7639	0.0793973	0.0736452	0.0723219
0.7642	0.0792663	0.0735138	0.0721888
0.7645	0.0791353	0.0733826	0.072056
0.7648	0.0790043	0.0732514	0.0719233
0.7651	0.0788735	0.0731204	0.0717909
0.7654	0.0787428	0.0729895	0.0716587
0.7657	0.0786122	0.0728588	0.0715267
0.766	0.0784816	0.0727282	0.071395
0.7663	0.0783513	0.0725978	0.0712635
0.7666	0.078221	0.0724676	0.0711323
0.7669	0.0780909	0.0723375	0.0710013
0.7672	0.0779609	0.0722077	0.0708706
0.7675	0.0778311	0.072078	0.0707402
0.7678	0.0777015	0.0719486	0.0706101
0.7681	0.0775721	0.0718194	0.0704802
0.7684	0.0774428	0.0716904	0.0703507
0.7687	0.0773137	0.0715616	0.0702214
0.769	0.0771848	0.0714331	0.0700925
0.7693	0.0770562	0.0713049	0.0699638
0.7696	0.0769277	0.0711769	0.0698355
0.7699	0.0767995	0.0710491	0.0697075
0.7702	0.0766715	0.0709217	0.0695799
0.7705	0.0765437	0.0707945	0.0694525
0.7708	0.0764162	0.0706676	0.0693255
0.7711	0.0762889	0.070541	0.0691988
0.7714	0.0761619	0.0704147	0.0690725
0.7717	0.0760352	0.0702887	0.0689465
0.772	0.0759087	0.070163	0.0688209
0.7723	0.0757825	0.0700377	0.0686956
0.7726	0.0756566	0.0699126	0.0685707
0.7729	0.075531	0.0697879	0.0684461
0.7732	0.0754057	0.0696636	0.0683219
0.7735	0.0752806	0.0695395	0.0681981
0.7738	0.0751559	0.0694158	0.0680746
0.7741	0.0750315	0.0692925	0.0679515
0.7744	0.0749074	0.0691695	0.0678288
0.7747	0.0747837	0.0690469	0.0677064
0.775	0.0746603	0.0689246	0.0675844
0.7753	0.0745372	0.0688027	0.0674628
0.7756	0.0744144	0.0686811	0.0673416
0.7759	0.074292	0.06856	0.0672207
0.7762	0.0741699	0.0684392	0.0671003
0.7765	0.0740481	0.0683188	0.0669802
0.7768	0.0739267	0.0681987	0.0668605
0.7771	0.0738057	0.0680791	0.0667412
0.7774	0.073685	0.0679598	0.0666223
0.7777	0.0735647	0.067841	0.0665038
0.778	0.0734447	0.0677225	0.0663856
0.7783	0.0733251	0.0676045	0.0662679
0.7786	0.0732058	0.0674868	0.0661506
0.7789	0.0730869	0.0673696	0.0660336
0.7792	0.0729684	0.0672528	0.0659171
0.7795	0.0728502	0.0671364	0.0658009
0.7798	0.0727324	0.0670204	0.0656852
0.7801	0.072615	0.0669049	0.0655698
0.7804	0.0724979	0.0667898	0.0654549
0.7807	0.0723811	0.0666751	0.0653404
0.781	0.0722648	0.0665609	0.0652262
0.7813	0.0721488	0.0664472	0.0651125
0.7816	0.0720332	0.0663338	0.0649992
0.7819	0.0719179	0.066221	0.0648864
0.7822	0.071803	0.0661086	0.0647739
0.7825	0.0716884	0.0659967	0.0646618
0.7828	0.0715742	0.0658852	0.0645502
0.7831	0.0714604	0.0657742	0.064439
0.7834	0.0713469	0.0656637	0.0643282
0.7837	0.0712337	0.0655537	0.0642179
0.784	0.0711209	0.0654442	0.064108
0.7843	0.0710085	0.0653351	0.0639985
0.7846	0.0708964	0.0652265	0.0638894
0.7849	0.0707846	0.0651185	0.0637808
0.7852	0.0706732	0.0650109	0.0636726
0.7855	0.0705622	0.0649038	0.0635649
0.7858	0.0704515	0.0647973	0.0634576
0.7861	0.0703411	0.0646912	0.0633508
0.7864	0.0702311	0.0645856	0.0632444
0.7867	0.0701214	0.0644806	0.0631384
0.787	0.070012	0.064376	0.0630329
0.7873	0.069903	0.0642719	0.0629279
0.7876	0.0697943	0.0641684	0.0628233
0.7879	0.069686	0.0640653	0.0627191
0.7882	0.069578	0.0639627	0.0626154
0.7885	0.0694704	0.0638607	0.0625122
0.7888	0.0693631	0.0637591	0.0624094
0.7891	0.0692561	0.063658	0.0623071
0.7894	0.0691495	0.0635574	0.0622053
0.7897	0.0690432	0.0634573	0.0621038
0.79	0.0689373	0.0633577	0.0620029
0.7903	0.0688317	0.0632586	0.0619024
0.7906	0.0687265	0.0631599	0.0618023
0.7909	0.0686216	0.0630618	0.0617027
0.7912	0.0685171	0.0629641	0.0616036
0.7915	0.0684129	0.0628668	0.0615049
0.7918	0.0683091	0.06277	0.0614066
0.7921	0.0682057	0.0626737	0.0613088
0.7924	0.0681026	0.0625778	0.0612115
0.7927	0.068	0.0624824	0.0611145
0.793	0.0678977	0.0623874	0.061018
0.7933	0.0677957	0.0622929	0.0609219
0.7936	0.0676942	0.0621988	0.0608263
0.7939	0.0675931	0.0621051	0.0607311
0.7942	0.0674923	0.0620119	0.0606363
0.7945	0.067392	0.0619191	0.0605419
0.7948	0.067292	0.0618267	0.0604479
0.7951	0.0671925	0.0617347	0.0603543
0.7954	0.0670934	0.0616431	0.0602611
0.7957	0.0669947	0.0615519	0.0601683
0.796	0.0668964	0.0614612	0.060076
0.7963	0.0667986	0.0613708	0.0599839
0.7966	0.0667012	0.0612808	0.0598923
0.7969	0.0666043	0.0611913	0.0598011
0.7972	0.0665078	0.0611021	0.0597102
0.7975	0.0664117	0.0610133	0.0596197
0.7978	0.0663161	0.0609248	0.0595295
0.7981	0.066221	0.0608368	0.0594397
0.7984	0.0661264	0.0607491	0.0593502
0.7987	0.0660322	0.0606618	0.0592611
0.799	0.0659385	0.0605749	0.0591723
0.7993	0.0658453	0.0604883	0.0590838
0.7996	0.0657525	0.0604021	0.0589956
0.7999	0.0656603	0.0603163	0.0589078
0.8002	0.0655685	0.0602308	0.0588202
0.8005	0.0654773	0.0601457	0.058733
0.8008	0.0653865	0.0600609	0.058646
0.8011	0.0652963	0.0599764	0.0585594
0.8014	0.0652065	0.0598923	0.058473
0.8017	0.0651173	0.0598086	0.0583869
0.802	0.0650286	0.0597252	0.058301
0.8023	0.0649403	0.0596421	0.0582154
0.8026	0.0648526	0.0595593	0.0581301
0.8029	0.0647654	0.0594769	0.058045
0.8032	0.0646787	0.0593948	0.0579601
0.8035	0.0645925	0.0593131	0.0578755
0.8038	0.0645069	0.0592316	0.0577911
0.8041	0.0644217	0.0591505	0.0577069
0.8044	0.064337	0.0590697	0.057623
0.8047	0.0642529	0.0589891	0.0575392
0.805	0.0641692	0.0589089	0.0574556
0.8053	0.0640861	0.058829	0.0573723
0.8056	0.0640035	0.0587494	0.0572891
0.8059	0.0639213	0.0586701	0.0572061
0.8062	0.0638397	0.058591	0.0571233
0.8065	0.0637585	0.0585122	0.0570407
0.8068	0.0636778	0.0584338	0.0569582
0.8071	0.0635976	0.0583555	0.0568759
0.8074	0.0635179	0.0582776	0.0567937
0.8077	0.0634387	0.0581999	0.0567118
0.808	0.0633599	0.0581225	0.0566299
0.8083	0.0632817	0.0580453	0.0565482
0.8086	0.0632039	0.0579683	0.0564667
0.8089	0.0631265	0.0578916	0.0563853
0.8092	0.0630496	0.0578151	0.056304
0.8095	0.0629732	0.0577389	0.0562229
0.8098	0.0628972	0.0576629	0.0561419
0.8101	0.0628217	0.057587	0.0560611
0.8104	0.0627466	0.0575114	0.0559804
0.8107	0.062672	0.057436	0.0558998
0.811	0.0625978	0.0573608	0.0558193
0.8113	0.062524	0.0572857	0.055739
0.8116	0.0624507	0.0572108	0.0556588
0.8119	0.0623778	0.0571361	0.0555787
0.8122	0.0623053	0.0570616	0.0554987
0.8125	0.0622333	0.0569872	0.0554189
0.8128	0.0621617	0.056913	0.0553391
0.8131	0.0620904	0.0568389	0.0552596
0.8134	0.0620196	0.0567649	0.0551801
0.8137	0.0619493	0.0566911	0.0551007
0.814	0.0618793	0.0566174	0.0550215
0.8143	0.0618097	0.0565438	0.0549424
0.8146	0.0617405	0.0564703	0.0548634
0.8149	0.0616717	0.0563969	0.0547846
0.8152	0.0616033	0.0563236	0.0547059
0.8155	0.0615353	0.0562504	0.0546273
0.8158	0.0614677	0.0561773	0.0545488
0.8161	0.0614004	0.0561043	0.0544705
0.8164	0.0613336	0.0560313	0.0543923
0.8167	0.0612671	0.0559584	0.0543142
0.817	0.061201	0.0558856	0.0542363
0.8173	0.0611352	0.0558128	0.0541584
0.8176	0.0610698	0.0557401	0.0540808
0.8179	0.0610048	0.0556674	0.0540032
0.8182	0.0609401	0.0555948	0.0539258
0.8185	0.0608758	0.0555222	0.0538485
0.8188	0.0608118	0.0554497	0.0537714
0.8191	0.0607481	0.0553772	0.0536944
0.8194	0.0606848	0.0553048	0.0536175
0.8197	0.0606218	0.0552324	0.0535407
0.82	0.0605592	0.05516	0.0534641
0.8203	0.0604969	0.0550877	0.0533876
0.8206	0.0604349	0.0550154	0.0533113
0.8209	0.0603732	0.0549431	0.0532351
0.8212	0.0603118	0.0548709	0.053159
0.8215	0.0602507	0.0547987	0.053083
0.8218	0.0601899	0.0547265	0.0530071
0.8221	0.0601294	0.0546544	0.0529314
0.8224	0.0600692	0.0545823	0.0528558
0.8227	0.0600093	0.0545103	0.0527803
0.823	0.0599496	0.0544383	0.0527049
0.8233	0.0598902	0.0543663	0.0526296
0.8236	0.0598311	0.0542943	0.0525545
0.8239	0.0597723	0.0542224	0.0524794
0.8242	0.0597137	0.0541506	0.0524044
0.8245	0.0596553	0.0540788	0.0523295
0.8248	0.0595972	0.054007	0.0522547
0.8251	0.0595394	0.0539353	0.05218
0.8254	0.0594818	0.0538637	0.0521054
0.8257	0.0594243	0.053792	0.0520308
0.826	0.0593672	0.0537205	0.0519564
0.8263	0.0593102	0.053649	0.0518819
0.8266	0.0592534	0.0535775	0.0518076
0.8269	0.0591968	0.0535061	0.0517333
0.8272	0.0591404	0.0534347	0.051659
0.8275	0.0590842	0.0533634	0.0515848
0.8278	0.0590282	0.0532922	0.0515106
0.8281	0.0589724	0.053221	0.0514364
0.8284	0.0589167	0.0531498	0.0513623
0.8287	0.0588611	0.0530787	0.0512882
0.829	0.0588057	0.0530077	0.0512141
0.8293	0.0587505	0.0529367	0.05114
0.8296	0.0586954	0.0528657	0.0510659
0.8299	0.0586404	0.0527948	0.0509918
0.8302	0.0585855	0.0527239	0.0509177
0.8305	0.0585307	0.0526531	0.0508436
0.8308	0.058476	0.0525823	0.0507695
0.8311	0.0584214	0.0525115	0.0506953
0.8314	0.0583669	0.0524408	0.0506212
0.8317	0.0583125	0.0523701	0.0505469
0.832	0.0582581	0.0522994	0.0504727
0.8323	0.0582038	0.0522288	0.0503984
0.8326	0.0581495	0.0521581	0.0503241
0.8329	0.0580953	0.0520875	0.0502497
0.8332	0.0580411	0.0520169	0.0501753
0.8335	0.0579869	0.0519463	0.0501008
0.8338	0.0579328	0.0518757	0.0500263
0.8341	0.0578786	0.0518051	0.0499516
0.8344	0.0578245	0.0517345	0.049877
0.8347	0.0577703	0.0516639	0.0498022
0.835	0.0577162	0.0515932	0.0497274
0.8353	0.057662	0.0515226	0.0496525
0.8356	0.0576077	0.0514519	0.0495776
0.8359	0.0575535	0.0513812	0.0495025
0.8362	0.0574991	0.0513104	0.0494274
0.8365	0.0574448	0.0512397	0.0493522
0.8368	0.0573904	0.0511689	0.0492769
0.8371	0.0573359	0.051098	0.0492015
0.8374	0.0572813	0.0510271	0.049126
0.8377	0.0572267	0.0509561	0.0490504
0.838	0.057172	0.0508851	0.0489747
0.8383	0.0571172	0.0508141	0.0488989
0.8386	0.0570622	0.0507429	0.0488231
0.8389	0.0570072	0.0506718	0.0487471
0.8392	0.0569521	0.0506005	0.048671
0.8395	0.0568969	0.0505292	0.0485948
0.8398	0.0568416	0.0504578	0.0485185
0.8401	0.0567861	0.0503863	0.0484421
0.8404	0.0567306	0.0503148	0.0483656
0.8407	0.0566749	0.0502431	0.048289
0.841	0.056619	0.0501714	0.0482122
0.8413	0.0565631	0.0500997	0.0481354
0.8416	0.056507	0.0500278	0.0480584
0.8419	0.0564507	0.0499559	0.0479813
0.8422	0.0563943	0.0498838	0.047904
0.8425	0.0563378	0.0498117	0.0478267
0.8428	0.0562811	0.0497395	0.0477492
0.8431	0.0562242	0.0496673	0.0476716
0.8434	0.0561672	0.0495949	0.0475938
0.8437	0.05611	0.0495225	0.047516
0.844	0.0560527	0.0494499	0.047438
0.8443	0.0559952	0.0493773	0.0473598
0.8446	0.0559375	0.0493047	0.0472815
0.8449	0.0558796	0.0492319	0.0472031
0.8452	0.0558216	0.0491591	0.0471245
0.8455	0.0557634	0.0490862	0.0470458
0.8458	0.055705	0.0490132	0.0469669
0.8461	0.0556465	0.0489401	0.0468879
0.8464	0.0555877	0.048867	0.0468088
0.8467	0.0555288	0.0487938	0.0467295
0.847	0.0554697	0.0487206	0.04665
0.8473	0.0554104	0.0486472	0.0465704
0.8476	0.0553509	0.0485739	0.0464906
0.8479	0.0552912	0.0485004	0.0464106
0.8482	0.0552313	0.048427	0.0463306
0.8485	0.0551712	0.0483534	0.0462503
0.8488	0.0551109	0.0482799	0.0461699
0.8491	0.0550504	0.0482063	0.0460893
0.8494	0.0549897	0.0481326	0.0460086
0.8497	0.0549288	0.0480589	0.0459277
0.85	0.0548677	0.0479852	0.0458466
0.8503	0.0548064	0.0479114	0.0457654
0.8506	0.0547449	0.0478376	0.045684
0.8509	0.0546831	0.0477638	0.0456024
0.8512	0.0546212	0.04769	0.0455207
0.8515	0.054559	0.0476161	0.0454388
0.8518	0.0544966	0.0475422	0.0453568
0.8521	0.054434	0.0474683	0.0452746
0.8524	0.0543712	0.0473944	0.0451922
0.8527	0.0543081	0.0473205	0.0451097
0.853	0.0542448	0.0472465	0.045027
0.8533	0.0541813	0.0471725	0.0449442
0.8536	0.0541176	0.0470985	0.0448612
0.8539	0.0540537	0.0470245	0.0447781
0.8542	0.0539895	0.0469504	0.0446948
0.8545	0.0539251	0.0468764	0.0446114
0.8548	0.0538604	0.0468023	0.0445279
0.8551	0.0537955	0.0467281	0.0444442
0.8554	0.0537304	0.046654	0.0443604
0.8557	0.053665	0.0465798	0.0442764
0.856	0.0535994	0.0465055	0.0441923
0.8563	0.0535336	0.0464312	0.0441081
0.8566	0.0534675	0.0463569	0.0440238
0.8569	0.0534011	0.0462825	0.0439394
0.8572	0.0533345	0.0462081	0.0438548
0.8575	0.0532677	0.0461336	0.0437701
0.8578	0.0532006	0.046059	0.0436854
0.8581	0.0531333	0.0459844	0.0436005
0.8584	0.0530657	0.0459096	0.0435155
0.8587	0.0529978	0.0458348	0.0434304
0.859	0.0529297	0.0457599	0.0433452
0.8593	0.0528614	0.0456848	0.04326
0.8596	0.0527927	0.0456097	0.0431746
0.8599	0.0527239	0.0455344	0.0430891
0.8602	0.0526547	0.0454591	0.0430036
0.8605	0.0525853	0.0453835	0.042918
0.8608	0.0525156	0.0453079	0.0428322
0.8611	0.0524457	0.0452321	0.0427464
0.8614	0.0523755	0.0451561	0.0426605
0.8617	0.052305	0.04508	0.0425746
0.862	0.0522343	0.0450037	0.0424885
0.8623	0.0521632	0.0449272	0.0424023
0.8626	0.0520919	0.0448506	0.0423161
0.8629	0.0520203	0.0447737	0.0422297
0.8632	0.0519485	0.0446967	0.0421433
0.8635	0.0518764	0.0446194	0.0420567
0.8638	0.0518039	0.0445419	0.0419701
0.8641	0.0517312	0.0444643	0.0418833
0.8644	0.0516583	0.0443864	0.0417965
0.8647	0.051585	0.0443082	0.0417095
0.865	0.0515114	0.0442298	0.0416224
0.8653	0.0514376	0.0441512	0.0415352
0.8656	0.0513634	0.0440724	0.0414478
0.8659	0.051289	0.0439933	0.0413603
0.8662	0.0512143	0.0439139	0.0412727
0.8665	0.0511393	0.0438343	0.0411849
0.8668	0.051064	0.0437544	0.041097
0.8671	0.0509884	0.0436742	0.0410089
0.8674	0.0509125	0.0435938	0.0409207
0.8677	0.0508363	0.0435131	0.0408322
0.868	0.0507598	0.0434321	0.0407436
0.8683	0.050683	0.0433508	0.0406548
0.8686	0.0506059	0.0432693	0.0405659
0.8689	0.0505285	0.0431874	0.0404767
0.8692	0.0504507	0.0431053	0.0403873
0.8695	0.0503727	0.0430229	0.0402977
0.8698	0.0502944	0.0429401	0.0402078
0.8701	0.0502157	0.0428571	0.0401178
0.8704	0.0501368	0.0427738	0.0400275
0.8707	0.0500575	0.0426902	0.039937
0.871	0.049978	0.0426063	0.0398462
0.8713	0.0498981	0.042522	0.0397552
0.8716	0.0498179	0.0424375	0.039664
0.8719	0.0497374	0.0423527	0.0395724
0.8722	0.0496566	0.0422675	0.0394807
0.8725	0.0495754	0.0421821	0.0393886
0.8728	0.049494	0.0420963	0.0392963
0.8731	0.0494122	0.0420102	0.0392037
0.8734	0.0493301	0.0419239	0.0391108
0.8737	0.0492477	0.0418372	0.0390176
0.874	0.049165	0.0417502	0.0389242
0.8743	0.0490819	0.0416629	0.0388305
0.8746	0.0489986	0.0415753	0.0387364
0.8749	0.0489149	0.0414873	0.0386421
0.8752	0.0488309	0.0413991	0.0385475
0.8755	0.0487466	0.0413106	0.0384526
0.8758	0.048662	0.0412217	0.0383573
0.8761	0.0485771	0.0411326	0.0382618
0.8764	0.0484918	0.0410431	0.038166
0.8767	0.0484063	0.0409534	0.0380699
0.877	0.0483204	0.0408633	0.0379735
0.8773	0.0482342	0.040773	0.0378767
0.8776	0.0481477	0.0406824	0.0377797
0.8779	0.048061	0.0405914	0.0376824
0.8782	0.0479739	0.0405002	0.0375848
0.8785	0.0478865	0.0404087	0.0374868
0.8788	0.0477988	0.0403169	0.0373886
0.8791	0.0477108	0.0402248	0.0372901
0.8794	0.0476225	0.0401324	0.0371913
0.8797	0.047534	0.0400397	0.0370922
0.88	0.0474451	0.0399468	0.0369928
0.8803	0.047356	0.0398536	0.0368931
0.8806	0.0472666	0.0397602	0.0367932
0.8809	0.0471769	0.0396665	0.0366929
0.8812	0.0470869	0.0395725	0.0365924
0.8815	0.0469967	0.0394783	0.0364916
0.8818	0.0469062	0.0393838	0.0363906
0.8821	0.0468155	0.0392891	0.0362893
0.8824	0.0467245	0.0391942	0.0361877
0.8827	0.0466333	0.039099	0.0360859
0.883	0.0465418	0.0390036	0.0359838
0.8833	0.0464501	0.0389081	0.0358815
0.8836	0.0463582	0.0388123	0.0357789
0.8839	0.0462661	0.0387163	0.0356762
0.8842	0.0461737	0.0386201	0.0355732
0.8845	0.0460812	0.0385237	0.03547
0.8848	0.0459885	0.0384272	0.0353666
0.8851	0.0458956	0.0383304	0.0352629
0.8854	0.0458025	0.0382336	0.0351591
0.8857	0.0457092	0.0381366	0.0350551
0.886	0.0456158	0.0380394	0.034951
0.8863	0.0455222	0.0379421	0.0348466
0.8866	0.0454285	0.0378447	0.0347421
0.8869	0.0453346	0.0377472	0.0346375
0.8872	0.0452406	0.0376496	0.0345327
0.8875	0.0451466	0.0375519	0.0344277
0.8878	0.0450524	0.0374542	0.0343227
0.8881	0.0449581	0.0373563	0.0342175
0.8884	0.0448637	0.0372584	0.0341123
0.8887	0.0447692	0.0371605	0.0340069
0.889	0.0446747	0.0370626	0.0339015
0.8893	0.0445801	0.0369646	0.0337959
0.8896	0.0444855	0.0368666	0.0336904
0.8899	0.0443908	0.0367686	0.0335847
0.8902	0.0442962	0.0366706	0.0334791
0.8905	0.0442015	0.0365727	0.0333734
0.8908	0.0441067	0.0364748	0.0332676
0.8911	0.044012	0.036377	0.0331619
0.8914	0.0439173	0.0362792	0.0330561
0.8917	0.0438227	0.0361815	0.0329504
0.892	0.043728	0.0360839	0.0328447
0.8923	0.0436334	0.0359864	0.032739
0.8926	0.0435389	0.0358891	0.0326334
0.8929	0.0434444	0.0357918	0.0325278
0.8932	0.04335	0.0356947	0.0324223
0.8935	0.0432556	0.0355978	0.0323168
0.8938	0.0431614	0.035501	0.0322114
0.8941	0.0430672	0.0354044	0.0321061
0.8944	0.0429732	0.0353079	0.0320009
0.8947	0.0428792	0.0352117	0.0318958
0.895	0.0427854	0.0351157	0.0317908
0.8953	0.0426917	0.0350199	0.0316859
0.8956	0.0425981	0.0349244	0.0315812
0.8959	0.0425047	0.0348291	0.0314766
0.8962	0.0424114	0.0347341	0.0313721
0.8965	0.0423183	0.0346393	0.0312678
0.8968	0.0422254	0.0345449	0.0311637
0.8971	0.0421326	0.0344507	0.0310597
0.8974	0.04204	0.0343569	0.0309559
0.8977	0.0419476	0.0342633	0.0308522
0.898	0.0418554	0.0341701	0.0307487
0.8983	0.0417634	0.0340773	0.0306454
0.8986	0.0416716	0.0339848	0.0305423
0.8989	0.04158	0.0338927	0.0304394
0.8992	0.0414887	0.0338009	0.0303367
0.8995	0.0413976	0.0337096	0.0302342
0.8998	0.0413067	0.0336187	0.0301319
0.9001	0.0412161	0.0335282	0.0300298
0.9004	0.0411257	0.0334381	0.0299279
0.9007	0.0410356	0.0333485	0.0298262
0.901	0.0409458	0.0332593	0.0297248
0.9013	0.0408562	0.0331706	0.0296235
0.9016	0.040767	0.0330824	0.0295225
0.9019	0.040678	0.0329946	0.0294218
0.9022	0.0405894	0.0329074	0.0293212
0.9025	0.040501	0.0328207	0.0292209
0.9028	0.040413	0.0327345	0.0291208
0.9031	0.0403253	0.0326489	0.029021
0.9034	0.040238	0.0325638	0.0289214
0.9037	0.040151	0.0324792	0.028822
0.904	0.0400643	0.0323952	0.0287229
0.9043	0.039978	0.0323118	0.0286241
0.9046	0.0398921	0.032229	0.0285255
0.9049	0.0398066	0.0321468	0.0284272
0.9052	0.0397214	0.0320651	0.0283292
0.9055	0.0396367	0.0319841	0.0282314
0.9058	0.0395523	0.0319037	0.028134
0.9061	0.0394683	0.0318238	0.0280368
0.9064	0.0393848	0.0317446	0.0279399
0.9067	0.0393016	0.031666	0.0278433
0.907	0.0392189	0.031588	0.027747
0.9073	0.0391366	0.0315107	0.0276511
0.9076	0.0390548	0.0314339	0.0275554
0.9079	0.0389733	0.0313577	0.0274601
0.9082	0.0388923	0.0312822	0.0273651
0.9085	0.0388118	0.0312072	0.0272705
0.9088	0.0387316	0.0311328	0.0271762
0.9091	0.038652	0.0310591	0.0270823
0.9094	0.0385727	0.0309858	0.0269887
0.9097	0.0384939	0.0309132	0.0268955
0.91	0.0384156	0.0308411	0.0268026
0.9103	0.0383376	0.0307695	0.0267102
0.9106	0.0382601	0.0306985	0.0266181
0.9109	0.0381831	0.0306279	0.0265264
0.9112	0.0381064	0.0305579	0.0264351
0.9115	0.0380302	0.0304883	0.0263441
0.9118	0.0379544	0.0304192	0.0262536
0.9121	0.0378791	0.0303506	0.0261635
0.9124	0.0378041	0.0302824	0.0260737
0.9127	0.0377296	0.0302146	0.0259843
0.913	0.0376554	0.0301471	0.0258953
0.9133	0.0375816	0.0300801	0.0258067
0.9136	0.0375083	0.0300134	0.0257185
0.9139	0.0374352	0.0299471	0.0256306
0.9142	0.0373626	0.029881	0.0255431
0.9145	0.0372903	0.0298153	0.0254559
0.9148	0.0372184	0.0297498	0.0253691
0.9151	0.0371469	0.0296846	0.0252826
0.9154	0.0370756	0.0296196	0.0251964
0.9157	0.0370047	0.0295549	0.0251105
0.916	0.0369342	0.0294903	0.0250249
0.9163	0.0368639	0.029426	0.0249396
0.9166	0.0367939	0.0293618	0.0248545
0.9169	0.0367243	0.0292977	0.0247697
0.9172	0.0366549	0.0292338	0.0246851
0.9175	0.0365859	0.02917	0.0246007
0.9178	0.0365171	0.0291063	0.0245164
0.9181	0.0364486	0.0290427	0.0244324
0.9184	0.0363803	0.0289791	0.0243484
0.9187	0.0363123	0.0289156	0.0242646
0.919	0.0362446	0.0288521	0.0241809
0.9193	0.0361771	0.0287886	0.0240973
0.9196	0.0361099	0.0287252	0.0240137
0.9199	0.0360429	0.0286617	0.0239302
0.9202	0.0359762	0.0285982	0.0238467
0.9205	0.0359096	0.0285346	0.0237632
0.9208	0.0358434	0.028471	0.0236796
0.9211	0.0357773	0.0284074	0.023596
0.9214	0.0357115	0.0283437	0.0235124
0.9217	0.0356459	0.0282799	0.0234287
0.922	0.0355806	0.028216	0.0233448
0.9223	0.0355155	0.0281519	0.0232609
0.9226	0.0354506	0.0280878	0.0231767
0.9229	0.035386	0.0280235	0.0230925
0.9232	0.0353216	0.0279591	0.023008
0.9235	0.0352574	0.0278946	0.0229234
0.9238	0.0351935	0.0278299	0.0228386
0.9241	0.0351299	0.027765	0.0227535
0.9244	0.0350665	0.0277	0.0226682
0.9247	0.0350034	0.0276347	0.0225826
0.925	0.0349405	0.0275693	0.0224968
0.9253	0.034878	0.0275037	0.0224106
0.9256	0.0348157	0.0274379	0.0223242
0.9259	0.0347537	0.0273719	0.0222375
0.9262	0.034692	0.0273056	0.0221505
0.9265	0.0346307	0.0272392	0.0220631
0.9268	0.0345696	0.0271725	0.0219754
0.9271	0.0345089	0.0271055	0.0218873
0.9274	0.0344486	0.0270384	0.0217989
0.9277	0.0343885	0.026971	0.0217101
0.928	0.0343288	0.0269034	0.0216209
0.9283	0.0342695	0.0268355	0.0215314
0.9286	0.0342106	0.0267674	0.0214414
0.9289	0.034152	0.026699	0.0213511
0.9292	0.0340938	0.0266304	0.0212603
0.9295	0.0340359	0.0265615	0.0211692
0.9298	0.0339785	0.0264924	0.0210776
0.9301	0.0339214	0.026423	0.0209856
0.9304	0.0338647	0.0263534	0.0208932
0.9307	0.0338084	0.0262836	0.0208004
0.931	0.0337525	0.0262135	0.0207072
0.9313	0.0336969	0.0261432	0.0206135
0.9316	0.0336417	0.0260726	0.0205194
0.9319	0.0335869	0.0260018	0.0204248
0.9322	0.0335325	0.0259307	0.0203299
0.9325	0.0334783	0.0258595	0.0202345
0.9328	0.0334246	0.025788	0.0201387
0.9331	0.0333711	0.0257163	0.0200424
0.9334	0.0333179	0.0256444	0.0199457
0.9337	0.0332651	0.0255722	0.0198486
0.934	0.0332125	0.0254999	0.0197511
0.9343	0.0331602	0.0254274	0.0196532
0.9346	0.0331081	0.0253547	0.0195549
0.9349	0.0330562	0.0252818	0.0194562
0.9352	0.0330046	0.0252088	0.019357
0.9355	0.0329531	0.0251356	0.0192575
0.9358	0.0329018	0.0250622	0.0191576
0.9361	0.0328506	0.0249886	0.0190573
0.9364	0.0327995	0.0249149	0.0189567
0.9367	0.0327485	0.0248411	0.0188557
0.937	0.0326976	0.0247671	0.0187543
0.9373	0.0326467	0.024693	0.0186526
0.9376	0.0325958	0.0246188	0.0185505
0.9379	0.0325449	0.0245445	0.0184482
0.9382	0.032494	0.02447	0.0183455
0.9385	0.032443	0.0243955	0.0182425
0.9388	0.032392	0.0243208	0.0181392
0.9391	0.0323408	0.024246	0.0180356
0.9394	0.0322896	0.0241711	0.0179317
0.9397	0.0322381	0.0240962	0.0178276
0.94	0.0321865	0.0240211	0.0177232
0.9403	0.0321348	0.0239459	0.0176186
0.9406	0.0320828	0.0238707	0.0175137
0.9409	0.0320305	0.0237954	0.0174086
0.9412	0.0319781	0.0237199	0.0173033
0.9415	0.0319253	0.0236444	0.0171978
0.9418	0.0318723	0.0235688	0.017092
0.9421	0.031819	0.0234931	0.0169861
0.9424	0.0317653	0.0234173	0.01688
0.9427	0.0317114	0.0233413	0.0167737
0.943	0.031657	0.0232653	0.0166672
0.9433	0.0316024	0.0231892	0.0165606
0.9436	0.0315473	0.0231129	0.0164538
0.9439	0.0314919	0.0230366	0.0163468
0.9442	0.031436	0.0229601	0.0162397
0.9445	0.0313798	0.0228834	0.0161324
0.9448	0.0313231	0.0228067	0.016025
0.9451	0.031266	0.0227297	0.0159174
0.9454	0.0312084	0.0226527	0.0158097
0.9457	0.0311504	0.0225754	0.0157018
0.946	0.0310919	0.022498	0.0155938
0.9463	0.031033	0.0224204	0.0154856
0.9466	0.0309736	0.0223426	0.0153773
0.9469	0.0309137	0.0222646	0.0152689
0.9472	0.0308533	0.0221863	0.0151602
0.9475	0.0307925	0.0221079	0.0150514
0.9478	0.0307311	0.0220292	0.0149425
0.9481	0.0306692	0.0219502	0.0148334
0.9484	0.0306069	0.021871	0.0147241
0.9487	0.030544	0.0217916	0.0146146
0.949	0.0304806	0.0217118	0.014505
0.9493	0.0304167	0.0216318	0.0143951
0.9496	0.0303523	0.0215514	0.0142851
0.9499	0.0302873	0.0214708	0.0141749
0.9502	0.0302219	0.0213898	0.0140645
0.9505	0.0301559	0.0213085	0.0139539
0.9508	0.0300894	0.0212268	0.0138431
0.9511	0.0300224	0.0211448	0.0137321
0.9514	0.0299549	0.0210624	0.0136209
0.9517	0.0298869	0.0209796	0.0135095
0.952	0.0298184	0.0208964	0.0133979
0.9523	0.0297495	0.0208128	0.013286
0.9526	0.02968	0.0207288	0.013174
0.9529	0.02961	0.0206444	0.0130618
0.9532	0.0295396	0.0205595	0.0129495
0.9535	0.0294687	0.0204742	0.0128369
0.9538	0.0293973	0.0203884	0.0127242
0.9541	0.0293255	0.0203021	0.0126113
0.9544	0.0292532	0.0202154	0.0124983
0.9547	0.0291805	0.0201281	0.0123851
0.955	0.0291074	0.0200404	0.0122718
0.9553	0.0290339	0.0199521	0.0121584
0.9556	0.02896	0.0198633	0.012045
0.9559	0.0288857	0.019774	0.0119315
0.9562	0.028811	0.0196841	0.0118179
0.9565	0.028736	0.0195936	0.0117043
0.9568	0.0286606	0.0195025	0.0115908
0.9571	0.0285849	0.0194109	0.0114773
0.9574	0.0285088	0.0193187	0.0113638
0.9577	0.0284325	0.0192258	0.0112504
0.958	0.0283558	0.0191323	0.0111372
0.9583	0.0282789	0.0190382	0.0110241
0.9586	0.0282017	0.0189434	0.0109112
0.9589	0.0281242	0.0188479	0.0107985
0.9592	0.0280465	0.0187518	0.0106861
0.9595	0.0279686	0.0186549	0.010574
0.9598	0.0278904	0.0185574	0.0104622
0.9601	0.027812	0.0184591	0.0103507
0.9604	0.0277334	0.01836	0.0102396
0.9607	0.0276546	0.0182603	0.010129
0.961	0.0275756	0.0181597	0.0100188
0.9613	0.0274965	0.0180584	0.00990912
0.9616	0.0274171	0.0179562	0.00979995
0.9619	0.0273376	0.0178533	0.00969135
0.9622	0.0272579	0.0177495	0.00958335
0.9625	0.0271781	0.0176448	0.00947597
0.9628	0.0270981	0.0175393	0.00936926
0.9631	0.0270179	0.0174329	0.00926325
0.9634	0.0269376	0.0173256	0.00915797
0.9637	0.0268571	0.0172173	0.00905344
0.964	0.0267765	0.0171082	0.00894971
0.9643	0.0266957	0.016998	0.0088468
0.9646	0.0266147	0.0168869	0.00874475
0.9649	0.0265336	0.0167748	0.00864357
0.9652	0.0264523	0.0166617	0.00854332
0.9655	0.0263709	0.0165476	0.008444
0.9658	0.0262893	0.0164324	0.00834565
0.9661	0.0262075	0.0163162	0.00824831
0.9664	0.0261255	0.0161989	0.00815198
0.9667	0.0260433	0.0160805	0.00805672
0.967	0.0259609	0.015961	0.00796253
0.9673	0.0258784	0.0158404	0.00786944
0.9676	0.0257956	0.0157186	0.00777749
0.9679	0.0257127	0.0155957	0.00768669
0.9682	0.0256295	0.0154716	0.00759707
0.9685	0.0255461	0.0153464	0.00750865
0.9688	0.0254625	0.0152199	0.00742146
0.9691	0.0253788	0.0150923	0.0073355
0.9694	0.0252948	0.0149634	0.00725081
0.9697	0.0252106	0.0148334	0.0071674
0.97	0.0251262	0.0147021	0.00708528
0.9703	0.0250417	0.0145696	0.00700448
0.9706	0.0249569	0.0144359	0.006925
0.9709	0.0248721	0.0143009	0.00684685
0.9712	0.024787	0.0141647	0.00677005
0.9715	0.0247019	0.0140273	0.00669459
0.9718	0.0246166	0.0138887	0.0066205
0.9721	0.0245312	0.0137489	0.00654776
0.9724	0.0244458	0.0136079	0.00647638
0.9727	0.0243603	0.0134657	0.00640635
0.973	0.0242749	0.0133224	0.00633767
0.9733	0.0241894	0.0131779	0.00627034
0.9736	0.024104	0.0130323	0.00620434
0.9739	0.0240187	0.0128856	0.00613966
0.9742	0.0239336	0.0127378	0.00607629
0.9745	0.0238486	0.012589	0.0060142
0.9748	0.0237639	0.0124392	0.00595338
0.9751	0.0236794	0.0122884	0.0058938
0.9754	0.0235953	0.0121367	0.00583545
0.9757	0.0235116	0.0119841	0.00577829
0.976	0.0234283	0.0118307	0.00572229
0.9763	0.0233454	0.0116765	0.00566743
0.9766	0.0232632	0.0115216	0.00561368
0.9769	0.0231815	0.0113659	0.00556099
0.9772	0.0231006	0.0112097	0.00550934
0.9775	0.0230204	0.0110529	0.00545869
0.9778	0.022941	0.0108955	0.005409
0.9781	0.0228626	0.0107377	0.00536024
0.9784	0.0227851	0.0105796	0.00531237
0.9787	0.0227086	0.0104211	0.00526535
0.979	0.0226333	0.0102624	0.00521914
0.9793	0.0225593	0.0101035	0.00517371
0.9796	0.0224865	0.00994448	0.00512902
0.9799	0.0224151	0.00978546	0.00508503
0.9802	0.0223452	0.00962648	0.00504171
0.9805	0.022277	0.00946763	0.00499902
0.9808	0.0222104	0.00930899	0.00495693
0.9811	0.0221457	0.00915062	0.0049154
0.9814	0.0220829	0.00899263	0.00487442
0.9817	0.0220221	0.00883508	0.00483394
0.982	0.0219636	0.00867806	0.00479395
0.9823	0.0219074	0.00852166	0.00475441
0.9826	0.0218537	0.00836597	0.00471531
0.9829	0.0218026	0.00821107	0.00467663
0.9832	0.0217543	0.00805705	0.00463835
0.9835	0.021709	0.00790401	0.00460046
0.9838	0.021667	0.00775205	0.00456294
0.9841	0.0216283	0.00760125	0.00452579
0.9844	0.0215932	0.00745171	0.004489
0.9847	0.021562	0.00730355	0.00445258
0.985	0.0215349	0.00715685	0.00441653
0.9853	0.0215123	0.00701173	0.00438085
0.9856	0.0214943	0.0068683	0.00434556
0.9859	0.0214813	0.00672666	0.00431067
0.9862	0.0214738	0.00658692	0.00427621
0.9865	0.021472	0.00644922	0.0042422
0.9868	0.0214763	0.00631366	0.00420868
0.9871	0.0214873	0.00618037	0.00417567
0.9874	0.0215055	0.00604948	0.00414324
0.9877	0.0215313	0.00592113	0.00411143
0.988	0.0215653	0.00579543	0.00408029
0.9883	0.0216083	0.00567255	0.00404991
0.9886	0.0216608	0.00555262	0.00402034
0.9889	0.0217238	0.00543579	0.00399169
0.9892	0.021798	0.00532223	0.00396405
0.9895	0.0218844	0.0052121	0.00393753
0.9898	0.0219842	0.00510557	0.00391225
0.9901	0.0220984	0.00500283	0.00388835
0.9904	0.0222285	0.00490407	0.00386599
0.9907	0.022376	0.00480951	0.00384534
0.991	0.0225425	0.00471937	0.00382661
0.9913	0.0227301	0.00463389	0.00381002
0.9916	0.0229409	0.00455334	0.00379583
0.9919	0.0231775	0.00447803	0.00378432
0.9922	0.0234428	0.00440828	0.00377583
0.9925	0.0237402	0.00434446	0.00377075
0.9928	0.0240737	0.00428701	0.00376952
0.9931	0.024448	0.00423642	0.00377266
0.9934	0.0248684	0.00419324	0.00378077
0.9937	0.0253416	0.00415816	0.00379457
0.994	0.0258754	0.00413198	0.00381493
0.9943	0.0264793	0.00411565	0.00384286
0.9946	0.0271649	0.00411034	0.00387962
0.9949	0.0279464	0.0041175	0.00392674
0.9952	0.0288419	0.00413893	0.00398615
0.9955	0.0298739	0.0041769	0.00406024
0.9958	0.0310717	0.00423436	0.00415213
0.9961	0.0324734	0.00431514	0.00426584
0.9964	0.0341297	0.00442438	0.00440674
0.9967	0.03611	0.00456909	0.00458214
0.997	0.0385114	0.00475908	0.00480228
0.9973	0.0414741	0.00500857	0.00508188
0.9976	0.0452083	0.0053389	0.00544308
0.9979	0.0500445	0.00578362	0.00592059
0.9982	0.0565333	0.00639868	0.00657227
0.9985	0.0656661	0.00728486	0.00750226
0.9988	0.0794255	0.00864377	0.00891878
0.9991	0.102437	0.0109459	0.0113077
0.9994	0.148582	0.0156043	0.0161279
0.9997	0.28716	0.0295739	0.0305634
