L	opf	cc	jcc
0	1.07913	1.07128	1.07091
0.001	1.07542	1.06759	1.06721
0.002	1.07177	1.06393	1.06356
0.003	1.06811	1.06028	1.0599
0.004	1.06451	1.05666	1.05628
0.005	1.06093	1.05307	1.05269
0.006	1.05733	1.04946	1.04909
0.007	1.0537	1.04584	1.04546
0.008	1.05008	1.04222	1.04185
0.009	1.0465	1.03861	1.03824
0.01	1.04292	1.03506	1.03468
0.011	1.03939	1.0315	1.03113
0.012	1.03585	1.02796	1.02759
0.013	1.03234	1.02444	1.02407
0.014	1.02875	1.02085	1.02048
0.015	1.02529	1.01739	1.01701
0.016	1.02181	1.0139	1.01353
0.017	1.01827	1.01037	1.01
0.018	1.01485	1.00692	1.00655
0.019	1.01138	1.00345	1.00308
0.02	1.00787	0.999964	0.999592
0.021	1.00449	0.996557	0.996182
0.022	1.00101	0.993065	0.992689
0.023	0.997595	0.989656	0.98928
0.024	0.994156	0.986218	0.985842
0.025	0.990769	0.982816	0.98244
0.026	0.987355	0.97941	0.979033
0.027	0.983978	0.976024	0.975647
0.028	0.980669	0.9727	0.972326
0.029	0.977257	0.969312	0.968937
0.03	0.97391	0.965951	0.965576
0.031	0.970619	0.962645	0.962271
0.032	0.96722	0.959246	0.95887
0.033	0.963935	0.95595	0.955574
0.034	0.960673	0.952682	0.952311
0.035	0.957302	0.94932	0.948943
0.036	0.954048	0.946048	0.945672
0.037	0.95076	0.942769	0.94239
0.038	0.947487	0.93948	0.939106
0.039	0.944244	0.936219	0.935844
0.04	0.941077	0.933059	0.932679
0.041	0.937806	0.929788	0.92941
0.042	0.93456	0.926533	0.926156
0.043	0.931324	0.923315	0.922939
0.044	0.928102	0.920088	0.919708
0.045	0.924969	0.916932	0.916554
0.046	0.921717	0.913704	0.913326
0.047	0.91854	0.910513	0.910136
0.048	0.915406	0.907376	0.906998
0.049	0.912309	0.904253	0.903874
0.05	0.909121	0.901081	0.900701
0.051	0.905986	0.897937	0.897558
0.052	0.902839	0.894792	0.894411
0.053	0.899749	0.8917	0.891319
0.054	0.896667	0.888595	0.888216
0.055	0.893558	0.885491	0.885112
0.056	0.890477	0.882406	0.882025
0.057	0.88741	0.87933	0.878947
0.058	0.884383	0.876295	0.875914
0.059	0.881278	0.873208	0.872827
0.06	0.878273	0.870163	0.869781
0.061	0.875161	0.867083	0.866703
0.062	0.872196	0.864109	0.863728
0.063	0.869148	0.86105	0.860665
0.064	0.866162	0.858056	0.857674
0.065	0.863157	0.855062	0.854678
0.066	0.860155	0.852033	0.851647
0.067	0.857211	0.849095	0.848706
0.068	0.854233	0.846124	0.845738
0.069	0.851243	0.843125	0.842739
0.07	0.848303	0.840192	0.839802
0.071	0.845401	0.837246	0.836858
0.072	0.842443	0.834311	0.833924
0.073	0.839514	0.831381	0.830996
0.074	0.836603	0.828466	0.828077
0.075	0.833714	0.825583	0.825195
0.076	0.830785	0.82265	0.822263
0.077	0.827868	0.819734	0.819346
0.078	0.824995	0.816847	0.816462
0.079	0.822107	0.813984	0.813595
0.08	0.819307	0.81115	0.81076
0.081	0.816426	0.808283	0.807891
0.082	0.813618	0.805455	0.805066
0.083	0.810791	0.802621	0.802234
0.084	0.807886	0.799736	0.799349
0.085	0.805113	0.796956	0.796568
0.086	0.802276	0.794106	0.793715
0.087	0.799519	0.791349	0.790957
0.088	0.79672	0.788554	0.788163
0.089	0.793937	0.785757	0.785365
0.09	0.791163	0.782992	0.782601
0.091	0.788389	0.780219	0.779828
0.092	0.7856	0.777418	0.777025
0.093	0.782904	0.774708	0.774317
0.094	0.78015	0.771972	0.771577
0.095	0.777428	0.769231	0.768837
0.096	0.774696	0.766499	0.766108
0.097	0.771999	0.763793	0.763396
0.098	0.769306	0.761089	0.760697
0.099	0.766576	0.758371	0.757975
0.1	0.763877	0.755672	0.755277
0.101	0.761184	0.752969	0.752577
0.102	0.758527	0.750311	0.749916
0.103	0.755846	0.74764	0.747246
0.104	0.753235	0.744999	0.744605
0.105	0.750572	0.742332	0.741937
0.106	0.74797	0.739717	0.739322
0.107	0.745313	0.73708	0.736684
0.108	0.74269	0.73444	0.734041
0.109	0.740073	0.73184	0.731444
0.11	0.737458	0.729207	0.72881
0.111	0.734857	0.726606	0.726209
0.112	0.732214	0.723943	0.723549
0.113	0.729639	0.721398	0.720996
0.114	0.72707	0.718817	0.718419
0.115	0.724487	0.716228	0.715833
0.116	0.721931	0.713661	0.713262
0.117	0.719367	0.711108	0.71071
0.118	0.716871	0.708614	0.708216
0.119	0.714336	0.70607	0.705674
0.12	0.711776	0.703505	0.703107
0.121	0.70926	0.700989	0.700589
0.122	0.706737	0.698457	0.69806
0.123	0.70423	0.695957	0.695559
0.124	0.701659	0.693398	0.692992
0.125	0.699241	0.690943	0.690544
0.126	0.69674	0.688466	0.688065
0.127	0.694286	0.686002	0.685601
0.128	0.691811	0.683538	0.683137
0.129	0.689333	0.681041	0.680642
0.13	0.686865	0.678565	0.678162
0.131	0.684395	0.676119	0.675715
0.132	0.681963	0.673661	0.673259
0.133	0.679537	0.67125	0.670848
0.134	0.67713	0.668817	0.668416
0.135	0.674725	0.666426	0.666021
0.136	0.672327	0.664028	0.663624
0.137	0.669883	0.661584	0.661179
0.138	0.667514	0.659201	0.658798
0.139	0.665156	0.656823	0.656418
0.14	0.662703	0.654397	0.653991
0.141	0.660349	0.652046	0.651639
0.142	0.65796	0.649668	0.649265
0.143	0.655598	0.647289	0.646882
0.144	0.653264	0.644957	0.64455
0.145	0.65089	0.642587	0.642181
0.146	0.648555	0.640248	0.639839
0.147	0.646177	0.637874	0.637462
0.148	0.643859	0.635536	0.635123
0.149	0.641561	0.63325	0.632839
0.15	0.639304	0.630983	0.630574
0.151	0.636922	0.628608	0.628196
0.152	0.63467	0.626343	0.625934
0.153	0.632374	0.624047	0.623634
0.154	0.630076	0.621743	0.62133
0.155	0.627808	0.619474	0.619059
0.156	0.625494	0.617188	0.616775
0.157	0.623242	0.61491	0.614494
0.158	0.621006	0.612683	0.612269
0.159	0.618704	0.61038	0.609964
0.16	0.616526	0.6082	0.607786
0.161	0.614246	0.605917	0.605503
0.162	0.61201	0.60367	0.603251
0.163	0.609813	0.601489	0.601071
0.164	0.607606	0.599288	0.598868
0.165	0.605367	0.597049	0.596627
0.166	0.603197	0.594869	0.59445
0.167	0.600984	0.592651	0.592233
0.168	0.598797	0.590451	0.590029
0.169	0.596605	0.588271	0.587854
0.17	0.594444	0.586108	0.585688
0.171	0.592273	0.583929	0.583505
0.172	0.590113	0.581768	0.581343
0.173	0.587937	0.579602	0.579181
0.174	0.585787	0.577445	0.577021
0.175	0.583648	0.575309	0.574885
0.176	0.581439	0.573123	0.572695
0.177	0.579362	0.571002	0.570578
0.178	0.577275	0.568944	0.568518
0.179	0.575146	0.566823	0.566394
0.18	0.57303	0.564687	0.564261
0.181	0.570921	0.562588	0.56216
0.182	0.56883	0.560493	0.560062
0.183	0.566709	0.558365	0.557936
0.184	0.564622	0.556276	0.555846
0.185	0.562566	0.554228	0.553802
0.186	0.560505	0.552149	0.55172
0.187	0.558442	0.550105	0.549673
0.188	0.556378	0.548035	0.547603
0.189	0.554297	0.545949	0.545516
0.19	0.552247	0.543903	0.54347
0.191	0.550233	0.541906	0.541466
0.192	0.548216	0.539874	0.539439
0.193	0.546177	0.537839	0.53741
0.194	0.544185	0.535845	0.535409
0.195	0.542141	0.533809	0.533373
0.196	0.540203	0.531851	0.531416
0.197	0.538176	0.529819	0.529379
0.198	0.536134	0.527799	0.527362
0.199	0.534084	0.525757	0.525315
0.2	0.53214	0.523815	0.523373
0.201	0.530195	0.521871	0.521433
0.202	0.528208	0.519896	0.519454
0.203	0.526279	0.517949	0.517507
0.204	0.524348	0.516011	0.515569
0.205	0.522315	0.513999	0.513554
0.206	0.520394	0.512082	0.511637
0.207	0.518476	0.510159	0.509711
0.208	0.516513	0.508197	0.507745
0.209	0.514619	0.506291	0.505848
0.21	0.512673	0.504367	0.503921
0.211	0.510763	0.50246	0.502007
0.212	0.508825	0.500541	0.500094
0.213	0.506942	0.498661	0.498211
0.214	0.50504	0.496758	0.496306
0.215	0.503139	0.494842	0.494393
0.216	0.501273	0.492974	0.492524
0.217	0.499403	0.491112	0.490659
0.218	0.497517	0.489251	0.488794
0.219	0.495639	0.487364	0.486908
0.22	0.493844	0.485574	0.485117
0.221	0.491934	0.483671	0.483215
0.222	0.490123	0.481861	0.481401
0.223	0.488222	0.479986	0.479527
0.224	0.486434	0.478192	0.477733
0.225	0.484605	0.476352	0.475893
0.226	0.482806	0.474555	0.474091
0.227	0.480943	0.472714	0.472254
0.228	0.479144	0.47091	0.470446
0.229	0.477329	0.469097	0.468637
0.23	0.47555	0.467334	0.466869
0.231	0.473737	0.465508	0.465042
0.232	0.471932	0.463708	0.46324
0.233	0.470234	0.462018	0.461547
0.234	0.46843	0.460213	0.459744
0.235	0.466636	0.458435	0.457966
0.236	0.464883	0.456678	0.456208
0.237	0.463118	0.454918	0.454446
0.238	0.461339	0.453151	0.452678
0.239	0.459625	0.451443	0.450972
0.24	0.457828	0.449672	0.449195
0.241	0.456113	0.447951	0.447476
0.242	0.454418	0.446265	0.445788
0.243	0.452659	0.444502	0.444023
0.244	0.45097	0.442825	0.442349
0.245	0.449226	0.441088	0.44061
0.246	0.447521	0.439397	0.438916
0.247	0.445853	0.437715	0.437232
0.248	0.444152	0.436015	0.435534
0.249	0.442469	0.434336	0.433855
0.25	0.440771	0.432659	0.432173
0.251	0.439046	0.430951	0.430465
0.252	0.437417	0.429327	0.428837
0.253	0.435721	0.427634	0.42715
0.254	0.434088	0.426002	0.425515
0.255	0.432401	0.42434	0.423847
0.256	0.430786	0.422715	0.422223
0.257	0.429111	0.421055	0.420565
0.258	0.427462	0.419434	0.418942
0.259	0.425814	0.417785	0.41729
0.26	0.424199	0.416164	0.415673
0.261	0.422596	0.414559	0.414064
0.262	0.420947	0.412937	0.41244
0.263	0.419331	0.411316	0.41082
0.264	0.417677	0.409695	0.409199
0.265	0.416096	0.408097	0.407597
0.266	0.414537	0.406545	0.406046
0.267	0.412946	0.404964	0.404462
0.268	0.411292	0.403344	0.402839
0.269	0.409798	0.401823	0.401321
0.27	0.408181	0.400229	0.399724
0.271	0.406608	0.398662	0.398159
0.272	0.405031	0.3971	0.396594
0.273	0.403506	0.395576	0.395071
0.274	0.40195	0.394023	0.393518
0.275	0.400354	0.392437	0.39193
0.276	0.398785	0.390904	0.390394
0.277	0.39735	0.389437	0.388928
0.278	0.395718	0.387835	0.387327
0.279	0.394156	0.386291	0.385781
0.28	0.392702	0.384852	0.38434
0.281	0.391102	0.383258	0.382746
0.282	0.389677	0.38184	0.381328
0.283	0.388167	0.380332	0.379817
0.284	0.386612	0.378802	0.378289
0.285	0.385094	0.377295	0.376777
0.286	0.383642	0.375829	0.375308
0.287	0.382119	0.374323	0.373805
0.288	0.380598	0.372821	0.372303
0.289	0.379162	0.371389	0.370871
0.29	0.377663	0.3699	0.369382
0.291	0.376191	0.368439	0.36792
0.292	0.374704	0.366963	0.366445
0.293	0.373241	0.365519	0.364995
0.294	0.371771	0.364049	0.363524
0.295	0.37035	0.362642	0.36212
0.296	0.368873	0.361158	0.360631
0.297	0.36746	0.359753	0.359229
0.298	0.365966	0.35828	0.357754
0.299	0.364582	0.356908	0.356381
0.3	0.363151	0.355476	0.354947
0.301	0.361692	0.354035	0.353509
0.302	0.360317	0.35266	0.352132
0.303	0.358855	0.351212	0.350682
0.304	0.357504	0.349874	0.349345
0.305	0.356069	0.348439	0.347907
0.306	0.354701	0.347078	0.346544
0.307	0.353231	0.345634	0.345105
0.308	0.35189	0.344289	0.343752
0.309	0.350495	0.342888	0.342355
0.31	0.34907	0.341498	0.340961
0.311	0.347765	0.340189	0.33965
0.312	0.346327	0.338762	0.338224
0.313	0.344948	0.337388	0.336849
0.314	0.343629	0.336086	0.335545
0.315	0.34223	0.334697	0.334153
0.316	0.340886	0.333363	0.332823
0.317	0.339508	0.331992	0.331448
0.318	0.338172	0.330672	0.33013
0.319	0.33681	0.329324	0.328782
0.32	0.335481	0.327996	0.32745
0.321	0.334141	0.326671	0.326128
0.322	0.332836	0.325345	0.324799
0.323	0.331522	0.324065	0.32352
0.324	0.330191	0.32273	0.322184
0.325	0.328855	0.321415	0.32087
0.326	0.327539	0.32011	0.319563
0.327	0.326259	0.318835	0.318283
0.328	0.324939	0.317516	0.316964
0.329	0.323654	0.316238	0.315689
0.33	0.32235	0.314944	0.314394
0.331	0.321068	0.313682	0.313127
0.332	0.319777	0.312381	0.311828
0.333	0.318491	0.311117	0.310558
0.334	0.31715	0.309797	0.30924
0.335	0.315944	0.308597	0.308044
0.336	0.314668	0.307323	0.306769
0.337	0.313432	0.306078	0.305521
0.338	0.312169	0.304833	0.304277
0.339	0.310875	0.303549	0.30299
0.34	0.309627	0.302313	0.301758
0.341	0.30837	0.301058	0.3005
0.342	0.307171	0.299888	0.299332
0.343	0.3059	0.298617	0.298055
0.344	0.304663	0.297381	0.29682
0.345	0.303464	0.296198	0.295642
0.346	0.302189	0.294935	0.294383
0.347	0.300953	0.293711	0.293153
0.348	0.299787	0.292533	0.291972
0.349	0.298512	0.291291	0.290733
0.35	0.297325	0.290105	0.289548
0.351	0.296117	0.288906	0.288346
0.352	0.294874	0.287662	0.2871
0.353	0.29375	0.286547	0.285988
0.354	0.292519	0.285326	0.284768
0.355	0.291319	0.284148	0.283589
0.356	0.290168	0.282985	0.282423
0.357	0.289007	0.281814	0.281252
0.358	0.287836	0.280665	0.280099
0.359	0.286605	0.279451	0.278881
0.36	0.285443	0.278306	0.277743
0.361	0.284222	0.277096	0.276532
0.362	0.283103	0.275962	0.275397
0.363	0.281951	0.274807	0.274241
0.364	0.280832	0.273705	0.27314
0.365	0.279684	0.27257	0.272004
0.366	0.278557	0.271433	0.270869
0.367	0.277407	0.270297	0.26973
0.368	0.276211	0.26913	0.268565
0.369	0.275136	0.268026	0.267462
0.37	0.273977	0.266895	0.266329
0.371	0.272857	0.265788	0.265223
0.372	0.271731	0.264652	0.264082
0.373	0.270586	0.263523	0.262955
0.374	0.269535	0.262454	0.261888
0.375	0.268361	0.261304	0.260735
0.376	0.267268	0.260202	0.259637
0.377	0.266194	0.259144	0.258573
0.378	0.265051	0.258002	0.257433
0.379	0.264017	0.256972	0.256399
0.38	0.262903	0.255862	0.255293
0.381	0.261839	0.254811	0.254239
0.382	0.260676	0.25364	0.253069
0.383	0.259663	0.252629	0.252056
0.384	0.258541	0.251527	0.250956
0.385	0.257493	0.250483	0.249914
0.386	0.25642	0.249412	0.248841
0.387	0.255397	0.248378	0.247807
0.388	0.25436	0.24736	0.246793
0.389	0.253284	0.246298	0.245726
0.39	0.25224	0.245241	0.244668
0.391	0.251143	0.244155	0.243582
0.392	0.250125	0.243139	0.242567
0.393	0.249117	0.242138	0.241563
0.394	0.247982	0.241012	0.240439
0.395	0.247035	0.240053	0.239483
0.396	0.246017	0.239031	0.23846
0.397	0.244975	0.237998	0.237426
0.398	0.243958	0.237002	0.236433
0.399	0.242978	0.236008	0.235436
0.4	0.241909	0.234939	0.234366
0.401	0.240911	0.233958	0.233381
0.402	0.239918	0.232969	0.232395
0.403	0.238913	0.231951	0.231379
0.404	0.23794	0.230996	0.230422
0.405	0.236956	0.230005	0.229434
0.406	0.235974	0.229032	0.22846
0.407	0.234907	0.227981	0.227407
0.408	0.233955	0.227017	0.226442
0.409	0.23301	0.226066	0.225495
0.41	0.232001	0.225063	0.224489
0.411	0.231065	0.224137	0.223561
0.412	0.230099	0.223162	0.222587
0.413	0.229136	0.222199	0.221627
0.414	0.228131	0.221198	0.220619
0.415	0.227202	0.22028	0.219703
0.416	0.226271	0.219336	0.218758
0.417	0.225305	0.218377	0.217802
0.418	0.224369	0.21745	0.216873
0.419	0.22342	0.216496	0.21592
0.42	0.22248	0.215568	0.21499
0.421	0.221507	0.21458	0.214002
0.422	0.220606	0.213694	0.213116
0.423	0.219664	0.212754	0.212176
0.424	0.218734	0.211824	0.211246
0.425	0.217836	0.210923	0.210343
0.426	0.216859	0.209964	0.209388
0.427	0.216031	0.209125	0.208549
0.428	0.215052	0.208151	0.207573
0.429	0.214181	0.207284	0.206707
0.43	0.213268	0.20637	0.205792
0.431	0.212328	0.205424	0.204845
0.432	0.211444	0.204566	0.203989
0.433	0.210573	0.203682	0.203105
0.434	0.209693	0.202808	0.202232
0.435	0.208813	0.201925	0.201349
0.436	0.207901	0.201019	0.200442
0.437	0.207012	0.200121	0.199543
0.438	0.206113	0.199241	0.198665
0.439	0.20524	0.198368	0.197788
0.44	0.204403	0.197538	0.196961
0.441	0.20348	0.196606	0.19603
0.442	0.202623	0.195759	0.195184
0.443	0.201756	0.194899	0.19432
0.444	0.200956	0.194104	0.193525
0.445	0.200061	0.19323	0.192651
0.446	0.199157	0.192327	0.191746
0.447	0.198331	0.191511	0.190929
0.448	0.197492	0.190667	0.190086
0.449	0.196574	0.189772	0.189191
0.45	0.1958	0.188974	0.188393
0.451	0.194921	0.188121	0.187542
0.452	0.194166	0.187339	0.186757
0.453	0.193226	0.186452	0.185873
0.454	0.192392	0.185619	0.185035
0.455	0.191602	0.184825	0.184246
0.456	0.190763	0.183987	0.183406
0.457	0.18998	0.183198	0.182619
0.458	0.189081	0.182328	0.181748
0.459	0.188339	0.181586	0.181004
0.46	0.187497	0.180759	0.180177
0.461	0.186653	0.179932	0.179352
0.462	0.185883	0.179154	0.178576
0.463	0.185055	0.178323	0.177744
0.464	0.184281	0.177541	0.176963
0.465	0.183465	0.176753	0.176174
0.466	0.182662	0.175961	0.175381
0.467	0.181836	0.175139	0.174555
0.468	0.181073	0.174379	0.173803
0.469	0.180259	0.17358	0.173
0.47	0.179513	0.172832	0.172251
0.471	0.178707	0.172044	0.171467
0.472	0.177961	0.171297	0.170718
0.473	0.177155	0.170508	0.169931
0.474	0.17643	0.169758	0.169177
0.475	0.175609	0.168976	0.168402
0.476	0.174829	0.1682	0.167621
0.477	0.174068	0.167438	0.166863
0.478	0.173336	0.166707	0.166128
0.479	0.172592	0.165972	0.165395
0.48	0.171833	0.165218	0.164639
0.481	0.171047	0.16445	0.163876
0.482	0.170343	0.163739	0.163164
0.483	0.169597	0.162979	0.162405
0.484	0.168837	0.162233	0.161656
0.485	0.168108	0.16153	0.160954
0.486	0.167334	0.160769	0.160192
0.487	0.166616	0.160053	0.159476
0.488	0.165931	0.159353	0.158778
0.489	0.165163	0.158606	0.158032
0.49	0.164488	0.157912	0.157339
0.491	0.163756	0.15719	0.156619
0.492	0.163031	0.156486	0.155915
0.493	0.162311	0.155752	0.155182
0.494	0.161578	0.155036	0.154466
0.495	0.160879	0.154349	0.153779
0.496	0.160196	0.153666	0.153101
0.497	0.159513	0.152974	0.152406
0.498	0.158799	0.152264	0.1517
0.499	0.158128	0.151596	0.151029
0.5	0.157383	0.150869	0.150302
0.501	0.15673	0.15022	0.149652
0.502	0.156068	0.149578	0.149012
0.503	0.155379	0.148869	0.148304
0.504	0.154683	0.148195	0.147632
0.505	0.153981	0.147483	0.146919
0.506	0.153373	0.146869	0.146305
0.507	0.152698	0.146195	0.145633
0.508	0.152033	0.145536	0.144974
0.509	0.151359	0.144886	0.144324
0.51	0.150721	0.144241	0.143677
0.511	0.150079	0.143604	0.143043
0.512	0.149462	0.142983	0.142424
0.513	0.148735	0.142262	0.141703
0.514	0.148166	0.141707	0.141148
0.515	0.147435	0.140988	0.14043
0.516	0.146865	0.14042	0.139861
0.517	0.146241	0.139776	0.139216
0.518	0.14559	0.139144	0.138589
0.519	0.144897	0.138451	0.137893
0.52	0.144354	0.137908	0.137354
0.521	0.143724	0.137264	0.136708
0.522	0.143081	0.136632	0.136075
0.523	0.142491	0.13606	0.135502
0.524	0.141844	0.135414	0.134857
0.525	0.141283	0.134841	0.13428
0.526	0.140701	0.13426	0.133702
0.527	0.140105	0.133673	0.133118
0.528	0.139473	0.133041	0.132482
0.529	0.138842	0.132427	0.131868
0.53	0.138299	0.131891	0.131331
0.531	0.137709	0.13129	0.13073
0.532	0.137107	0.130696	0.130136
0.533	0.136552	0.130133	0.129571
0.534	0.135923	0.129509	0.128948
0.535	0.135367	0.128961	0.1284
0.536	0.134799	0.128376	0.12781
0.537	0.13424	0.127842	0.12728
0.538	0.133665	0.127259	0.126696
0.539	0.133107	0.126693	0.126129
0.54	0.132545	0.126142	0.125578
0.541	0.13193	0.125533	0.124966
0.542	0.131409	0.125017	0.124451
0.543	0.130812	0.124436	0.12387
0.544	0.130295	0.123889	0.12332
0.545	0.129736	0.12334	0.122769
0.546	0.129187	0.122812	0.12224
0.547	0.128645	0.122263	0.121692
0.548	0.128041	0.12168	0.121109
0.549	0.127531	0.121168	0.120594
0.55	0.127001	0.120628	0.120056
0.551	0.126505	0.120115	0.119539
0.552	0.125902	0.119537	0.118959
0.553	0.125384	0.119024	0.118448
0.554	0.12485	0.11848	0.117903
0.555	0.124336	0.117978	0.117399
0.556	0.123857	0.117457	0.116877
0.557	0.123277	0.116912	0.116333
0.558	0.12282	0.116439	0.115858
0.559	0.122271	0.115895	0.115314
0.56	0.121763	0.115396	0.114813
0.561	0.12123	0.114886	0.114301
0.562	0.120691	0.114357	0.113771
0.563	0.120212	0.113876	0.113287
0.564	0.119708	0.113356	0.112768
0.565	0.119205	0.112868	0.11228
0.566	0.118738	0.112383	0.111794
0.567	0.118204	0.111866	0.111274
0.568	0.117757	0.111406	0.110814
0.569	0.117232	0.110893	0.110299
0.57	0.116752	0.110417	0.109824
0.571	0.116231	0.1099	0.109304
0.572	0.115771	0.109435	0.108838
0.573	0.115316	0.108984	0.108384
0.574	0.114807	0.10847	0.107871
0.575	0.114339	0.108023	0.107421
0.576	0.113875	0.107545	0.106942
0.577	0.113361	0.107041	0.106437
0.578	0.112892	0.106591	0.105983
0.579	0.112442	0.106128	0.105519
0.58	0.111962	0.105658	0.105049
0.581	0.11148	0.105189	0.104577
0.582	0.111044	0.104744	0.104132
0.583	0.110544	0.104262	0.103651
0.584	0.110087	0.1038	0.103186
0.585	0.10963	0.103361	0.102747
0.586	0.109158	0.10288	0.102263
0.587	0.108671	0.102398	0.101779
0.588	0.108306	0.102025	0.101405
0.589	0.107842	0.101571	0.10095
0.59	0.107378	0.101126	0.100503
0.591	0.106932	0.100671	0.100047
0.592	0.106504	0.100259	0.0996314
0.593	0.106064	0.099824	0.0991973
0.594	0.105616	0.0993696	0.0987392
0.595	0.105271	0.0990131	0.0983831
0.596	0.104771	0.0985396	0.0979077
0.597	0.104326	0.0980973	0.0974643
0.598	0.103952	0.0977372	0.0971021
0.599	0.103487	0.0972652	0.0966293
0.6	0.103088	0.0968775	0.0962409
0.601	0.102628	0.0964239	0.095785
0.602	0.102274	0.0960731	0.095434
0.603	0.101792	0.095616	0.0949773
0.604	0.10144	0.0952424	0.0946015
0.605	0.101048	0.0948596	0.0942182
0.606	0.100577	0.094416	0.0937726
0.607	0.10019	0.0939927	0.0933466
0.608	0.09979	0.0936178	0.0929722
0.609	0.0993479	0.0932056	0.0925588
0.61	0.0990039	0.0928364	0.092188
0.611	0.0985618	0.0924282	0.0917776
0.612	0.0981799	0.0920428	0.0913929
0.613	0.0978002	0.091661	0.0910087
0.614	0.0973572	0.0912385	0.090585
0.615	0.0970453	0.090927	0.0902701
0.616	0.0966653	0.0905391	0.0898804
0.617	0.0962687	0.0901562	0.0894953
0.618	0.0958796	0.0897682	0.0891091
0.619	0.095489	0.0893981	0.0887369
0.62	0.0951556	0.089061	0.0884
0.621	0.0947423	0.088648	0.0879864
0.622	0.0944066	0.0883118	0.0876491
0.623	0.094003	0.0879183	0.0872526
0.624	0.0936126	0.0875229	0.0868575
0.625	0.0932744	0.0871847	0.0865178
0.626	0.0928841	0.0868154	0.0861454
0.627	0.0926251	0.0865391	0.085868
0.628	0.0922073	0.086132	0.0854613
0.629	0.0918852	0.085807	0.0851359
0.63	0.0915175	0.0854537	0.0847815
0.631	0.0911311	0.0850797	0.0844067
0.632	0.0907704	0.0847174	0.0840426
0.633	0.0904587	0.0844048	0.0837292
0.634	0.0900936	0.0840471	0.0833709
0.635	0.0897162	0.0836892	0.0830126
0.636	0.089432	0.0833826	0.0827044
0.637	0.0890774	0.0830313	0.0823553
0.638	0.0887285	0.0826669	0.0819897
0.639	0.0884013	0.0823598	0.0816824
0.64	0.0880507	0.0820023	0.0813248
0.641	0.0877661	0.0817004	0.0810229
0.642	0.0873701	0.0813289	0.080649
0.643	0.0870729	0.0810232	0.0803436
0.644	0.0867715	0.0806915	0.0800101
0.645	0.0864025	0.0803598	0.0796782
0.646	0.0860196	0.0799699	0.0792878
0.647	0.0857568	0.0796812	0.0790004
0.648	0.0854271	0.0793655	0.0786837
0.649	0.0850664	0.0790073	0.0783252
0.65	0.0847411	0.0786928	0.0780096
0.651	0.0844218	0.0783682	0.0776848
0.652	0.0841079	0.0780506	0.0773682
0.653	0.0837689	0.0776985	0.0770137
0.654	0.0835044	0.0774441	0.0767592
0.655	0.0832284	0.0771501	0.0764646
0.656	0.0829298	0.0768402	0.076154
0.657	0.0825713	0.0764858	0.0757998
0.658	0.0821811	0.0761066	0.0754207
0.659	0.0819325	0.0758582	0.0751703
0.66	0.0816556	0.0755545	0.0748655
0.661	0.0813615	0.0752637	0.0745754
0.662	0.0810736	0.0749742	0.0742837
0.663	0.0807594	0.0746659	0.0739755
0.664	0.0804504	0.0743579	0.0736673
0.665	0.0801617	0.0740667	0.073375
0.666	0.0798771	0.0737581	0.0730669
0.667	0.0795885	0.0734844	0.0727913
0.668	0.0791836	0.0730784	0.0723863
0.669	0.0789646	0.0728374	0.0721439
0.67	0.0786501	0.0725188	0.071824
0.671	0.0783636	0.0722569	0.0715621
0.672	0.0780621	0.0719419	0.0712457
0.673	0.0777759	0.0716576	0.0709609
0.674	0.0774811	0.071367	0.0706697
0.675	0.077252	0.0711085	0.0704107
0.676	0.0769638	0.0708268	0.0701271
0.677	0.0766428	0.0704961	0.069797
0.678	0.0764015	0.0702424	0.0695418
0.679	0.0761366	0.0699817	0.0692798
0.68	0.0758111	0.0696344	0.0689317
0.681	0.0755428	0.0693753	0.0686718
0.682	0.0752444	0.0690669	0.0683625
0.683	0.0749467	0.0687691	0.0680642
0.684	0.0746556	0.0684878	0.0677814
0.685	0.074471	0.0682737	0.0675667
0.686	0.0741805	0.0679822	0.0672742
0.687	0.0738627	0.0676528	0.0669443
0.688	0.0736089	0.0674038	0.0666937
0.689	0.0733341	0.0671167	0.0664059
0.69	0.0730858	0.0668606	0.0661491
0.691	0.0727662	0.0665379	0.0658255
0.692	0.0725563	0.0663183	0.0656058
0.693	0.0722342	0.0659979	0.0652849
0.694	0.0720228	0.0657774	0.0650634
0.695	0.0717257	0.0654716	0.064756
0.696	0.0715126	0.0652484	0.0645324
0.697	0.0711556	0.0649023	0.0641858
0.698	0.0709449	0.0646809	0.063964
0.699	0.0706728	0.0643897	0.0636717
0.7	0.0704781	0.0641853	0.0634663
0.701	0.0701865	0.0638935	0.0631736
0.702	0.0699006	0.063615	0.0628947
0.703	0.0696446	0.0633456	0.0626248
0.704	0.0694089	0.0630962	0.0623747
0.705	0.0691741	0.0628551	0.0621325
0.706	0.0689021	0.0625687	0.0618449
0.707	0.0686639	0.0623219	0.0615971
0.708	0.0684324	0.0620884	0.0613625
0.709	0.0681682	0.0618151	0.0610882
0.71	0.0679072	0.0615608	0.0608327
0.711	0.0676772	0.0613267	0.0605964
0.712	0.067412	0.0610493	0.0603184
0.713	0.0672159	0.0608407	0.0601079
0.714	0.0669498	0.060577	0.0598428
0.715	0.0666909	0.0602965	0.0595607
0.716	0.0665067	0.060117	0.0593787
0.717	0.066179	0.0597963	0.0590569
0.718	0.0660176	0.059622	0.0588809
0.719	0.0657712	0.059354	0.0586109
0.72	0.0655037	0.0590922	0.0583474
0.721	0.0653313	0.0589139	0.0581671
0.722	0.0650836	0.0586586	0.0579091
0.723	0.0648064	0.0583778	0.0576268
0.724	0.0645281	0.058098	0.0573447
0.725	0.0643473	0.0579096	0.0571541
0.726	0.0640972	0.0576463	0.0568889
0.727	0.0638526	0.0573962	0.0566373
0.728	0.0636297	0.0571673	0.0564051
0.729	0.06344	0.0569632	0.0561991
0.73	0.0631953	0.0567147	0.0559477
0.731	0.0629835	0.0564967	0.0557271
0.732	0.0627044	0.0562248	0.0554527
0.733	0.0624981	0.0560206	0.0552463
0.734	0.0622837	0.0557806	0.0550033
0.735	0.0620747	0.0555557	0.0547756
0.736	0.0618034	0.0552817	0.0544994
0.737	0.0616494	0.0551201	0.0543342
0.738	0.0614295	0.0549102	0.054122
0.739	0.0612059	0.054668	0.0538766
0.74	0.0609169	0.0543829	0.053589
0.741	0.0607415	0.0541895	0.053392
0.742	0.0605615	0.0540047	0.0532047
0.743	0.0602579	0.0536894	0.0528871
0.744	0.0600799	0.0535072	0.0527012
0.745	0.0598744	0.0532881	0.0524789
0.746	0.0596062	0.0530338	0.0522224
0.747	0.059468	0.0528726	0.052057
0.748	0.0592629	0.0526666	0.0518481
0.749	0.0590257	0.0524232	0.0516012
0.75	0.0588184	0.0521874	0.0513629
0.751	0.0585192	0.051917	0.0510894
0.752	0.0583466	0.0517276	0.0508964
0.753	0.0581503	0.0515209	0.0506869
0.754	0.0579531	0.0513042	0.0504667
0.755	0.0577605	0.0511121	0.0502719
0.756	0.0575101	0.050857	0.0500132
0.757	0.0572992	0.0506362	0.0497894
0.758	0.0571337	0.0504699	0.0496193
0.759	0.0569194	0.0502534	0.0494001
0.76	0.0567637	0.0500758	0.0492188
0.761	0.0565243	0.0498451	0.0489848
0.762	0.0563878	0.0496856	0.0488226
0.763	0.0561683	0.0494663	0.0485994
0.764	0.0559519	0.0492366	0.0483671
0.765	0.0557104	0.0489792	0.0481068
0.766	0.0555991	0.0488708	0.0479944
0.767	0.0553109	0.0485822	0.047703
0.768	0.0552006	0.0484621	0.0475783
0.769	0.0549525	0.0481971	0.0473105
0.77	0.0547999	0.0480286	0.0471386
0.771	0.0546128	0.047841	0.0469473
0.772	0.0543747	0.0475971	0.0467
0.773	0.0541923	0.0474067	0.0465056
0.774	0.0540707	0.0472657	0.0463622
0.775	0.053873	0.0470735	0.0461648
0.776	0.0537322	0.0469148	0.0460033
0.777	0.0534833	0.0466608	0.0457458
0.778	0.0533129	0.0464865	0.0455666
0.779	0.0531498	0.0463018	0.0453779
0.78	0.0529291	0.0460873	0.0451591
0.781	0.0527726	0.04591	0.0449791
0.782	0.0526153	0.0457409	0.0448058
0.783	0.05249	0.045606	0.044666
0.784	0.0522624	0.0453723	0.0444286
0.785	0.052083	0.0451816	0.044234
0.786	0.0519202	0.0450075	0.0440552
0.787	0.0517406	0.0448221	0.0438659
0.788	0.0515337	0.0446	0.0436404
0.789	0.051433	0.0444811	0.0435158
0.79	0.0512025	0.0442323	0.0432636
0.791	0.0510726	0.0440903	0.043116
0.792	0.051004	0.0440081	0.0430299
0.793	0.0508173	0.0438084	0.0428258
0.794	0.0506022	0.0435864	0.0425995
0.795	0.0504416	0.0434064	0.0424134
0.796	0.0503122	0.0432645	0.0422677
0.797	0.0501416	0.0430747	0.0420738
0.798	0.0499858	0.0429007	0.0418951
0.799	0.0497454	0.0426472	0.0416367
0.8	0.0496793	0.0425658	0.0415503
0.801	0.0494436	0.0423077	0.0412876
0.802	0.0493791	0.0422172	0.0411924
0.803	0.0491983	0.0420251	0.0409948
0.804	0.0489466	0.0417555	0.0407212
0.805	0.0488703	0.0416637	0.0406232
0.806	0.0487071	0.0414722	0.0404277
0.807	0.0485589	0.041302	0.0402522
0.808	0.0484123	0.0411301	0.0400747
0.809	0.0482326	0.0409323	0.0398718
0.81	0.0481187	0.0407979	0.0397322
0.811	0.0479026	0.0405592	0.0394872
0.812	0.0478755	0.040504	0.0394263
0.813	0.0476295	0.0402301	0.0391477
0.814	0.0475022	0.0400903	0.039003
0.815	0.0473152	0.0398799	0.0387872
0.816	0.0472356	0.0397658	0.0386656
0.817	0.0469716	0.0394925	0.0383873
0.818	0.0469023	0.0393882	0.038276
0.819	0.0467243	0.0391913	0.0380751
0.82	0.0465724	0.0390114	0.0378885
0.821	0.0464169	0.0388309	0.0377024
0.822	0.0462664	0.0386568	0.0375216
0.823	0.046174	0.0385422	0.0373998
0.824	0.0459807	0.0383262	0.0371777
0.825	0.0458262	0.0381434	0.0369882
0.826	0.045706	0.0379996	0.0368374
0.827	0.0455671	0.037839	0.0366714
0.828	0.0453809	0.0376336	0.0364586
0.829	0.0452048	0.0374335	0.0362513
0.83	0.0450213	0.0372251	0.0360348
0.831	0.0448549	0.0370427	0.0358469
0.832	0.0447872	0.0369469	0.0357438
0.833	0.0445733	0.0367173	0.0355066
0.834	0.0443891	0.0365161	0.035298
0.835	0.0442276	0.0363315	0.0351052
0.836	0.0440317	0.0361159	0.0348825
0.837	0.0438871	0.035951	0.0347095
0.838	0.0437954	0.0358402	0.0345909
0.839	0.0436163	0.0356398	0.0343823
0.84	0.0434497	0.0354557	0.0341921
0.841	0.0432703	0.0352701	0.0339966
0.842	0.0430883	0.0350618	0.0337827
0.843	0.0429767	0.0349331	0.0336435
0.844	0.0428059	0.0347463	0.0334482
0.845	0.0426413	0.0345696	0.0332626
0.846	0.0424236	0.0343392	0.0330242
0.847	0.0422432	0.0341412	0.0328183
0.848	0.0421131	0.0339949	0.0326611
0.849	0.0419168	0.0337832	0.0324415
0.85	0.0416886	0.0335523	0.0322017
0.851	0.0415581	0.0333979	0.0320388
0.852	0.0413782	0.033198	0.0318296
0.853	0.0412222	0.0330383	0.0316615
0.854	0.0410523	0.0328499	0.0314623
0.855	0.040853	0.0326401	0.0312436
0.856	0.0406961	0.0324762	0.031069
0.857	0.0405141	0.0322742	0.0308582
0.858	0.0402958	0.0320441	0.0306195
0.859	0.0401599	0.0318943	0.0304587
0.86	0.0399469	0.0316622	0.0302174
0.861	0.0397911	0.0314955	0.0300418
0.862	0.0396349	0.0313269	0.0298646
0.863	0.039447	0.0311251	0.0296532
0.864	0.0391635	0.030846	0.0293619
0.865	0.0390187	0.0306812	0.029187
0.866	0.0389072	0.0305431	0.0290365
0.867	0.0386149	0.0302552	0.0287414
0.868	0.0385697	0.0301779	0.0286523
0.869	0.0383059	0.0299187	0.0283811
0.87	0.0381946	0.0297808	0.0282316
0.871	0.0380575	0.0296238	0.0280638
0.872	0.03772	0.0292831	0.0277129
0.873	0.0375335	0.0290859	0.0275047
0.874	0.0373755	0.0289128	0.0273203
0.875	0.0372786	0.0287989	0.0271945
0.876	0.0370611	0.0285587	0.0269421
0.877	0.0369206	0.0284134	0.0267835
0.878	0.0366151	0.0280961	0.0264548
0.879	0.0365239	0.0279897	0.0263357
0.88	0.0363746	0.0278179	0.02615
0.881	0.0361524	0.027585	0.0259049
0.882	0.0359381	0.0273594	0.0256667
0.883	0.0358298	0.0272374	0.0255327
0.884	0.0355904	0.0269876	0.0252708
0.885	0.0353201	0.0267246	0.0249928
0.886	0.0352207	0.0265946	0.0248478
0.887	0.035103	0.0264604	0.0246979
0.888	0.0348746	0.0262324	0.024457
0.889	0.0347042	0.0260377	0.0242487
0.89	0.0345828	0.0259021	0.0240962
0.891	0.0343823	0.0256778	0.0238605
0.892	0.0342404	0.0255171	0.0236849
0.893	0.0340578	0.0253236	0.0234728
0.894	0.0339392	0.0251847	0.0233158
0.895	0.0337408	0.0249742	0.0230906
0.896	0.0335762	0.024798	0.022898
0.897	0.033327	0.024542	0.0226279
0.898	0.0331959	0.0243904	0.0224581
0.899	0.0330087	0.0241903	0.0222486
0.9	0.0329604	0.0241066	0.0221416
0.901	0.0327492	0.0238982	0.0219188
0.902	0.0326035	0.0237246	0.0217246
0.903	0.0324332	0.0235268	0.0215116
0.904	0.0323091	0.0233862	0.0213522
0.905	0.03211	0.0231847	0.0211357
0.906	0.0320861	0.0231081	0.0210368
0.907	0.0317884	0.0228232	0.0207417
0.908	0.0316398	0.0226493	0.0205475
0.909	0.0315221	0.0225011	0.0203817
0.91	0.0313538	0.0223077	0.020167
0.911	0.0313671	0.0222729	0.0201133
0.912	0.0311381	0.0220321	0.0198588
0.913	0.0310372	0.0218651	0.0196729
0.914	0.0308654	0.0216807	0.0194692
0.915	0.0307327	0.0215157	0.0192827
0.916	0.030506	0.0212599	0.0190145
0.917	0.0303746	0.0210887	0.0188232
0.918	0.0303685	0.0210116	0.0187236
0.919	0.0301128	0.0207409	0.0184385
0.92	0.0300049	0.020582	0.0182584
0.921	0.029895	0.0204072	0.0180614
0.922	0.029716	0.0201926	0.0178353
0.923	0.0295685	0.0200002	0.0176166
0.924	0.0294885	0.0198374	0.0174361
0.925	0.0293606	0.0196666	0.0172448
0.926	0.0291919	0.0194553	0.017019
0.927	0.0289963	0.0192059	0.0167468
0.928	0.0290773	0.019165	0.0166814
0.929	0.0288986	0.0189259	0.0164244
0.93	0.028711	0.0186945	0.0161718
0.931	0.0285193	0.0184433	0.0159069
0.932	0.0283741	0.0182221	0.0156643
0.933	0.0282974	0.0180808	0.0154974
0.934	0.0281124	0.0178106	0.0152127
0.935	0.0279725	0.0176002	0.0149743
0.936	0.0278121	0.0173838	0.0147342
0.937	0.0277073	0.0172083	0.014551
0.938	0.0274858	0.0169424	0.0142615
0.939	0.0274786	0.0168102	0.0141002
0.94	0.0273391	0.0166117	0.0138813
0.941	0.0271221	0.0163377	0.0135922
0.942	0.0267989	0.015983	0.0132305
0.943	0.0268929	0.0159352	0.013147
0.944	0.0267222	0.0156798	0.0128819
0.945	0.0266024	0.0154724	0.0126483
0.946	0.0262608	0.0151087	0.0122722
0.947	0.0261322	0.01491	0.0120536
0.948	0.0260503	0.014667	0.0117996
0.949	0.0258534	0.0144144	0.0115334
0.95	0.0258622	0.014261	0.0113499
0.951	0.0257229	0.0140174	0.0111051
0.952	0.0253705	0.0136435	0.0107077
0.953	0.0252697	0.0134322	0.0104892
0.954	0.0251611	0.0131902	0.0102212
0.955	0.0248987	0.0128378	0.00986752
0.956	0.024824	0.0125997	0.00962789
0.957	0.0243852	0.0121658	0.00919311
0.958	0.0244293	0.0119726	0.00898687
0.959	0.0243427	0.0117584	0.0087614
0.96	0.0241128	0.011366	0.00839169
0.961	0.0239282	0.0110607	0.00806176
0.962	0.0239149	0.0108384	0.00784695
0.963	0.0236107	0.0104195	0.00744252
0.964	0.0234426	0.0100854	0.00713303
0.965	0.0231551	0.00968539	0.00676064
0.966	0.0230754	0.00935708	0.00643529
0.967	0.0230918	0.00907433	0.00620644
0.968	0.0230331	0.0087836	0.00593704
0.969	0.0225171	0.00827366	0.00549105
0.97	0.0224434	0.00789193	0.00519862
0.971	0.0225417	0.00767738	0.00502625
0.972	0.0223267	0.00719484	0.0046433
0.973	0.0223215	0.00682365	0.00435208
0.974	0.0223908	0.00652672	0.0041105
0.975	0.0221051	0.00605634	0.00377817
0.976	0.0220837	0.0057139	0.00352555
0.977	0.0220647	0.00531824	0.00325319
0.978	0.0221115	0.00497966	0.00303227
0.979	0.0218717	0.00454423	0.00274144
0.98	0.0220358	0.00422479	0.00252087
0.981	0.0223313	0.00386771	0.00228332
0.982	0.0227359	0.00362527	0.0021398
0.983	0.0227671	0.00325333	0.00194431
0.984	0.022965	0.00282474	0.00168701
0.985	0.0231279	0.00258301	0.0015548
0.986	0.0237282	0.00231151	0.0014165
0.987	0.024762	0.00201533	0.00122277
0.988	0.0251805	0.00179315	0.0010994
0.989	0.0269869	0.00160877	0.00104308
0.99	0.0273857	0.00132962	0.000839994
0.991	0.0306592	0.00121939	0.000806767
0.992	0.0333541	0.00115823	0.00081202
0.993	0.0379774	0.00103223	0.000779558
0.994	0.0431852	0.000930178	0.000716778
0.995	0.05257	0.0010599	0.000868152
0.996	0.0680814	0.00116712	0.000999223
0.997	0.101807	0.00142793	0.00115223
0.998	0.19121	0.00310006	0.00305325
