L	opf	cc	jcc
0	0.0319584	0.0358378	0.0349713
0.001	0.0319074	0.0357922	0.0349247
0.002	0.0318371	0.0357236	0.0348534
0.003	0.0317684	0.0356568	0.0347855
0.004	0.0316965	0.0355887	0.0347187
0.005	0.0316319	0.0355272	0.0346535
0.006	0.0315713	0.035469	0.0345948
0.007	0.0314889	0.0353914	0.0345162
0.008	0.031437	0.0353397	0.0344651
0.009	0.031365	0.0352702	0.0343922
0.01	0.0312926	0.0352028	0.0343223
0.011	0.0312291	0.0351394	0.0342593
0.012	0.03117	0.0350828	0.0342016
0.013	0.031104	0.0350199	0.0341373
0.014	0.031038	0.034959	0.0340731
0.015	0.0309638	0.0348876	0.0340029
0.016	0.0308917	0.0348179	0.033931
0.017	0.0308344	0.0347629	0.0338768
0.018	0.0307839	0.0347149	0.0338208
0.019	0.0307037	0.0346376	0.0337482
0.02	0.0306357	0.0345726	0.0336799
0.021	0.030575	0.0345137	0.0336231
0.022	0.030509	0.0344498	0.0335578
0.023	0.0304338	0.0343776	0.0334819
0.024	0.0303727	0.0343226	0.0334255
0.025	0.0303106	0.0342605	0.0333627
0.026	0.0302506	0.034206	0.0333059
0.027	0.0301834	0.0341404	0.0332386
0.028	0.0301163	0.0340769	0.0331757
0.029	0.0300489	0.0340118	0.0331064
0.03	0.0299848	0.0339491	0.033044
0.031	0.0299274	0.0338947	0.0329874
0.032	0.0298535	0.0338255	0.0329168
0.033	0.0297907	0.0337628	0.032853
0.034	0.0297261	0.0337014	0.0327894
0.035	0.0296612	0.0336417	0.0327284
0.036	0.0295987	0.0335808	0.0326653
0.037	0.0295368	0.0335219	0.0326047
0.038	0.0294726	0.0334611	0.0325441
0.039	0.0294152	0.0334056	0.032486
0.04	0.0293534	0.0333466	0.0324241
0.041	0.0292805	0.0332758	0.0323523
0.042	0.0292204	0.0332192	0.0322926
0.043	0.0291613	0.0331628	0.0322361
0.044	0.0290856	0.0330902	0.0321605
0.045	0.0290235	0.0330312	0.0321021
0.046	0.0289634	0.0329724	0.0320438
0.047	0.0289056	0.0329177	0.0319829
0.048	0.0288329	0.0328489	0.0319134
0.049	0.0287785	0.0327991	0.0318585
0.05	0.0287137	0.0327354	0.0317959
0.051	0.0286459	0.0326725	0.0317325
0.052	0.028591	0.0326215	0.0316768
0.053	0.0285266	0.0325576	0.0316132
0.054	0.0284667	0.0325016	0.0315544
0.055	0.0283974	0.0324353	0.0314879
0.056	0.0283411	0.0323808	0.0314286
0.057	0.0282845	0.032327	0.0313733
0.058	0.0282171	0.0322645	0.0313098
0.059	0.0281557	0.0322062	0.0312506
0.06	0.0280961	0.0321481	0.0311877
0.061	0.0280384	0.0320928	0.0311329
0.062	0.0279734	0.0320316	0.0310673
0.063	0.0279128	0.0319728	0.0310086
0.064	0.0278444	0.031908	0.0309403
0.065	0.0277836	0.0318513	0.0308854
0.066	0.0277378	0.0318075	0.0308371
0.067	0.0276631	0.0317348	0.0307623
0.068	0.0276134	0.0316877	0.0307107
0.069	0.0275452	0.0316241	0.0306492
0.07	0.0274829	0.0315635	0.0305816
0.071	0.0274293	0.0315132	0.0305304
0.072	0.0273635	0.0314502	0.0304677
0.073	0.0273027	0.0313939	0.0304064
0.074	0.0272447	0.0313363	0.0303495
0.075	0.0271941	0.0312882	0.0302982
0.076	0.0271333	0.0312325	0.0302393
0.077	0.027076	0.0311771	0.0301824
0.078	0.0270158	0.0311211	0.0301223
0.079	0.0269589	0.0310649	0.0300656
0.08	0.0268931	0.0310019	0.0300001
0.081	0.0268378	0.0309534	0.0299498
0.082	0.0267787	0.0308937	0.0298906
0.083	0.0267204	0.0308398	0.0298327
0.084	0.0266563	0.0307786	0.0297686
0.085	0.026595	0.0307175	0.0297095
0.086	0.0265435	0.03067	0.0296554
0.087	0.0264827	0.030614	0.0295978
0.088	0.0264256	0.0305608	0.029539
0.089	0.0263775	0.030511	0.0294882
0.09	0.0263127	0.0304541	0.0294292
0.091	0.0262635	0.0304046	0.0293775
0.092	0.0261935	0.0303386	0.0293076
0.093	0.0261428	0.0302924	0.0292598
0.094	0.0260955	0.0302462	0.0292124
0.095	0.0260234	0.0301793	0.0291386
0.096	0.0259784	0.0301344	0.0290927
0.097	0.0259143	0.030074	0.0290331
0.098	0.0258664	0.0300266	0.0289829
0.099	0.0258056	0.0299703	0.028923
0.1	0.0257485	0.029918	0.0288678
0.101	0.0256934	0.0298637	0.0288125
0.102	0.0256379	0.02981	0.0287546
0.103	0.0255802	0.0297566	0.028698
0.104	0.0255333	0.0297117	0.02865
0.105	0.0254793	0.0296599	0.0285967
0.106	0.0254117	0.029595	0.0285311
0.107	0.0253661	0.0295515	0.0284815
0.108	0.0253123	0.0295004	0.0284295
0.109	0.0252639	0.0294548	0.0283837
0.11	0.0252018	0.0293953	0.0283201
0.111	0.0251479	0.0293458	0.0282683
0.112	0.0251009	0.0292999	0.0282181
0.113	0.0250427	0.029244	0.0281579
0.114	0.0249896	0.0291899	0.0281054
0.115	0.0249274	0.0291335	0.0280469
0.116	0.0248784	0.0290856	0.0279931
0.117	0.0248315	0.0290421	0.0279475
0.118	0.0247808	0.0289919	0.0278935
0.119	0.0247274	0.0289382	0.0278421
0.12	0.0246743	0.0288897	0.0277866
0.121	0.024623	0.0288413	0.0277343
0.122	0.0245682	0.02879	0.0276827
0.123	0.0245154	0.0287387	0.0276258
0.124	0.0244609	0.0286889	0.0275756
0.125	0.0244136	0.0286418	0.0275277
0.126	0.0243595	0.028589	0.0274709
0.127	0.0243145	0.028545	0.0274233
0.128	0.0242545	0.0284859	0.027361
0.129	0.024211	0.028445	0.0273178
0.13	0.0241632	0.0283987	0.0272698
0.131	0.0241115	0.0283508	0.0272153
0.132	0.0240636	0.0283045	0.0271669
0.133	0.0240078	0.0282497	0.027112
0.134	0.0239523	0.0281962	0.0270557
0.135	0.0239046	0.0281506	0.027005
0.136	0.0238591	0.0281075	0.0269563
0.137	0.0238083	0.0280585	0.0269044
0.138	0.0237603	0.0280108	0.0268531
0.139	0.0237115	0.0279624	0.0268028
0.14	0.0236712	0.027924	0.0267582
0.141	0.023618	0.0278732	0.0267069
0.142	0.0235621	0.0278193	0.0266484
0.143	0.0235138	0.0277723	0.0266004
0.144	0.0234549	0.027716	0.0265379
0.145	0.0234212	0.0276823	0.0265002
0.146	0.0233701	0.0276335	0.0264453
0.147	0.0233248	0.0275896	0.0263975
0.148	0.0232742	0.0275382	0.0263453
0.149	0.023228	0.0274946	0.0262943
0.15	0.0231868	0.0274545	0.0262532
0.151	0.0231274	0.0273965	0.0261894
0.152	0.0230909	0.0273599	0.0261473
0.153	0.0230456	0.0273177	0.0261008
0.154	0.0230001	0.0272716	0.026047
0.155	0.0229475	0.0272205	0.0259911
0.156	0.0229013	0.0271778	0.0259443
0.157	0.0228546	0.0271303	0.0258938
0.158	0.0228102	0.0270894	0.0258475
0.159	0.0227694	0.0270469	0.0258005
0.16	0.0227263	0.0270053	0.0257501
0.161	0.0226795	0.0269603	0.0257004
0.162	0.0226281	0.0269103	0.0256439
0.163	0.0225911	0.0268715	0.0256041
0.164	0.0225533	0.0268386	0.0255631
0.165	0.0225161	0.0267999	0.0255196
0.166	0.022451	0.026738	0.0254489
0.167	0.0224238	0.0267084	0.0254123
0.168	0.0223763	0.0266606	0.0253583
0.169	0.0223331	0.0266185	0.0253133
0.17	0.0222929	0.0265809	0.0252688
0.171	0.022242	0.026529	0.0252092
0.172	0.0222076	0.0264984	0.0251712
0.173	0.022155	0.0264447	0.0251136
0.174	0.0221159	0.0264075	0.0250695
0.175	0.0220878	0.0263784	0.0250327
0.176	0.0220297	0.0263223	0.0249719
0.177	0.0219879	0.0262793	0.0249205
0.178	0.0219493	0.0262396	0.0248755
0.179	0.0219105	0.0262031	0.0248301
0.18	0.0218678	0.0261621	0.0247849
0.181	0.0218161	0.0261094	0.0247228
0.182	0.0217811	0.0260764	0.024682
0.183	0.0217456	0.0260409	0.0246393
0.184	0.0216993	0.0259931	0.0245837
0.185	0.0216618	0.0259573	0.0245415
0.186	0.0216277	0.0259229	0.0244972
0.187	0.0215822	0.0258777	0.0244463
0.188	0.0215454	0.0258408	0.024398
0.189	0.0215019	0.0257997	0.0243476
0.19	0.021462	0.0257588	0.024303
0.191	0.0214257	0.025723	0.0242544
0.192	0.0213996	0.0256974	0.0242225
0.193	0.0213411	0.0256373	0.024155
0.194	0.0213066	0.0256045	0.0241117
0.195	0.0212738	0.0255732	0.0240686
0.196	0.0212325	0.0255323	0.0240222
0.197	0.0211918	0.0254913	0.0239717
0.198	0.0211576	0.0254566	0.0239289
0.199	0.0211165	0.0254176	0.0238759
0.2	0.0210837	0.0253846	0.0238355
0.201	0.0210412	0.0253447	0.0237887
0.202	0.0210139	0.0253135	0.023748
0.203	0.020978	0.0252798	0.0237022
0.204	0.020927	0.0252311	0.0236461
0.205	0.0208979	0.0252045	0.023605
0.206	0.0208532	0.0251558	0.0235504
0.207	0.0208255	0.0251299	0.0235149
0.208	0.020781	0.0250857	0.0234604
0.209	0.0207597	0.0250628	0.0234267
0.21	0.0207095	0.0250169	0.0233719
0.211	0.0206831	0.0249898	0.0233329
0.212	0.02065	0.0249569	0.0232875
0.213	0.0206112	0.0249181	0.0232371
0.214	0.0205748	0.0248805	0.0231945
0.215	0.0205392	0.0248477	0.0231473
0.216	0.0204907	0.0248015	0.02309
0.217	0.0204771	0.0247886	0.0230619
0.218	0.0204453	0.024757	0.0230215
0.219	0.0204042	0.0247124	0.0229672
0.22	0.0203706	0.0246819	0.0229252
0.221	0.0203306	0.0246435	0.0228759
0.222	0.0202861	0.0245994	0.0228166
0.223	0.0202711	0.0245869	0.0227926
0.224	0.020225	0.0245386	0.0227286
0.225	0.0201972	0.0245155	0.0226984
0.226	0.0201603	0.0244789	0.0226481
0.227	0.0201246	0.0244441	0.0226034
0.228	0.0200915	0.0244123	0.0225581
0.229	0.0200656	0.0243869	0.022518
0.23	0.0200307	0.0243549	0.0224751
0.231	0.0199905	0.0243157	0.0224177
0.232	0.0199699	0.0242963	0.0223868
0.233	0.0199248	0.024255	0.0223337
0.234	0.0198907	0.024223	0.0222882
0.235	0.0198709	0.0242032	0.0222582
0.236	0.0198348	0.0241702	0.0222076
0.237	0.0197913	0.0241261	0.0221526
0.238	0.0197763	0.0241162	0.0221218
0.239	0.0197376	0.0240776	0.0220754
0.24	0.0197132	0.0240531	0.0220332
0.241	0.0196744	0.0240199	0.0219871
0.242	0.0196373	0.0239843	0.0219354
0.243	0.0196156	0.0239649	0.0219
0.244	0.0195907	0.02394	0.0218634
0.245	0.0195467	0.0239003	0.0218128
0.246	0.0195226	0.0238767	0.021768
0.247	0.0194934	0.0238508	0.0217312
0.248	0.0194515	0.0238121	0.0216779
0.249	0.019432	0.0237964	0.0216406
0.25	0.0193892	0.0237544	0.0215829
0.251	0.0193638	0.023734	0.0215543
0.252	0.0193294	0.0237019	0.021503
0.253	0.0193007	0.0236776	0.0214617
0.254	0.0192756	0.0236536	0.0214204
0.255	0.0192407	0.0236219	0.0213726
0.256	0.0192134	0.0235993	0.0213358
0.257	0.0191852	0.0235746	0.0212934
0.258	0.0191529	0.0235441	0.021244
0.259	0.019122	0.0235157	0.021202
0.26	0.0190943	0.023491	0.02116
0.261	0.0190704	0.0234694	0.0211199
0.262	0.0190399	0.0234436	0.0210781
0.263	0.0189992	0.0234084	0.0210265
0.264	0.0189823	0.0233926	0.0209949
0.265	0.0189542	0.0233682	0.0209532
0.266	0.0189173	0.0233335	0.0208989
0.267	0.0188904	0.0233095	0.0208606
0.268	0.018866	0.0232878	0.020824
0.269	0.0188324	0.0232597	0.0207739
0.27	0.0188133	0.0232441	0.0207413
0.271	0.0187893	0.023223	0.020703
0.272	0.0187491	0.0231881	0.020652
0.273	0.0187364	0.0231763	0.0206191
0.274	0.0186963	0.0231398	0.0205695
0.275	0.018672	0.0231195	0.020528
0.276	0.0186452	0.0230951	0.0204864
0.277	0.018613	0.0230676	0.0204411
0.278	0.0185769	0.0230332	0.0203911
0.279	0.0185493	0.0230095	0.0203479
0.28	0.01853	0.0229957	0.0203143
0.281	0.0185004	0.0229663	0.0202735
0.282	0.0184724	0.0229424	0.0202278
0.283	0.0184418	0.0229159	0.0201852
0.284	0.0184263	0.0229039	0.0201518
0.285	0.0184132	0.0228936	0.020125
0.286	0.0183675	0.0228494	0.0200633
0.287	0.0183399	0.0228268	0.0200235
0.288	0.0183235	0.0228148	0.0199947
0.289	0.0182796	0.0227726	0.019932
0.29	0.01826	0.0227558	0.0198979
0.291	0.0182421	0.0227404	0.0198645
0.292	0.0182139	0.0227168	0.0198227
0.293	0.0181979	0.0227051	0.0197918
0.294	0.0181623	0.0226707	0.0197425
0.295	0.0181353	0.0226492	0.019699
0.296	0.0181049	0.0226207	0.019657
0.297	0.0180834	0.0226009	0.0196125
0.298	0.01806	0.022581	0.0195792
0.299	0.0180309	0.0225549	0.0195277
0.3	0.017998	0.0225262	0.0194866
0.301	0.0179832	0.0225172	0.0194536
0.302	0.0179587	0.0224939	0.0194186
0.303	0.017933	0.0224721	0.0193757
0.304	0.0179033	0.0224441	0.0193324
0.305	0.017884	0.022427	0.0192958
0.306	0.017858	0.0224048	0.0192543
0.307	0.0178379	0.0223889	0.0192226
0.308	0.0178175	0.0223733	0.0191832
0.309	0.0177786	0.0223335	0.0191293
0.31	0.0177601	0.0223202	0.0190957
0.311	0.0177412	0.0223026	0.0190625
0.312	0.0177096	0.022275	0.0190166
0.313	0.0176778	0.0222458	0.0189704
0.314	0.0176566	0.022227	0.0189345
0.315	0.0176284	0.0222049	0.0188932
0.316	0.0176063	0.0221852	0.0188536
0.317	0.0175878	0.0221694	0.0188187
0.318	0.0175574	0.0221412	0.0187739
0.319	0.0175377	0.0221258	0.0187387
0.32	0.0175076	0.0220983	0.0186926
0.321	0.0174926	0.0220889	0.018661
0.322	0.0174538	0.0220523	0.018609
0.323	0.0174375	0.0220423	0.0185803
0.324	0.0174085	0.0220157	0.0185384
0.325	0.0173878	0.0219976	0.0185002
0.326	0.0173668	0.0219832	0.0184646
0.327	0.0173211	0.0219423	0.0184044
0.328	0.017306	0.0219303	0.0183776
0.329	0.017277	0.021903	0.0183312
0.33	0.0172553	0.0218855	0.0182934
0.331	0.0172312	0.0218651	0.0182549
0.332	0.0172085	0.0218474	0.0182198
0.333	0.0171939	0.021833	0.0181855
0.334	0.0171685	0.0218158	0.0181468
0.335	0.0171357	0.0217847	0.0181003
0.336	0.0171123	0.0217681	0.0180637
0.337	0.0170823	0.0217416	0.0180181
0.338	0.0170663	0.0217314	0.0179906
0.339	0.0170526	0.021719	0.017957
0.34	0.0170196	0.021692	0.0179094
0.341	0.016993	0.0216724	0.0178697
0.342	0.0169652	0.0216454	0.0178254
0.343	0.016945	0.0216329	0.0177958
0.344	0.0169091	0.0215997	0.0177455
0.345	0.0168996	0.0215954	0.0177192
0.346	0.0168645	0.021564	0.0176688
0.347	0.0168439	0.0215495	0.0176367
0.348	0.0168318	0.0215406	0.0176064
0.349	0.0167976	0.0215134	0.0175621
0.35	0.0167753	0.0214946	0.0175257
0.351	0.0167496	0.0214731	0.0174867
0.352	0.0167215	0.0214505	0.0174402
0.353	0.0166974	0.021431	0.0174013
0.354	0.0166721	0.0214098	0.0173691
0.355	0.0166556	0.0214015	0.0173342
0.356	0.016627	0.0213782	0.0172942
0.357	0.0165981	0.021353	0.0172507
0.358	0.0165784	0.0213399	0.0172175
0.359	0.0165533	0.0213173	0.0171792
0.36	0.0165276	0.0212972	0.0171405
0.361	0.0165045	0.0212809	0.0171025
0.362	0.0164761	0.0212572	0.0170593
0.363	0.0164596	0.0212473	0.0170328
0.364	0.0164296	0.0212209	0.0169872
0.365	0.0164032	0.0212003	0.0169479
0.366	0.0163832	0.0211848	0.0169185
0.367	0.0163555	0.0211616	0.0168724
0.368	0.0163328	0.0211445	0.0168424
0.369	0.016309	0.0211255	0.0168
0.37	0.0162844	0.0211055	0.0167639
0.371	0.0162775	0.0211046	0.0167417
0.372	0.0162361	0.0210692	0.0166887
0.373	0.0162133	0.0210526	0.0166571
0.374	0.0161943	0.0210362	0.0166207
0.375	0.0161709	0.0210185	0.0165843
0.376	0.0161404	0.0209942	0.0165425
0.377	0.0161202	0.0209787	0.0165096
0.378	0.0160882	0.0209542	0.0164667
0.379	0.016084	0.0209519	0.016447
0.38	0.0160503	0.0209248	0.0164017
0.381	0.0160246	0.020905	0.0163646
0.382	0.015999	0.0208807	0.0163244
0.383	0.0159688	0.0208611	0.0162861
0.384	0.0159502	0.0208452	0.0162502
0.385	0.0159368	0.0208356	0.0162252
0.386	0.0159094	0.0208143	0.0161866
0.387	0.0158878	0.0207973	0.0161477
0.388	0.0158424	0.0207594	0.0160937
0.389	0.0158284	0.0207486	0.0160679
0.39	0.0158085	0.0207309	0.0160328
0.391	0.0157908	0.0207218	0.0159998
0.392	0.0157659	0.0206992	0.0159657
0.393	0.0157341	0.0206752	0.0159201
0.394	0.0157087	0.0206532	0.0158821
0.395	0.0156876	0.0206387	0.0158493
0.396	0.0156609	0.0206163	0.0158094
0.397	0.0156455	0.0206062	0.01578
0.398	0.0156215	0.0205848	0.0157401
0.399	0.0156082	0.0205796	0.0157119
0.4	0.0155671	0.0205414	0.0156645
0.401	0.0155466	0.0205236	0.0156307
0.402	0.015533	0.0205183	0.0155991
0.403	0.0155051	0.0204942	0.0155607
0.404	0.0154949	0.0204913	0.0155435
0.405	0.0154518	0.0204489	0.0154834
0.406	0.0154317	0.0204331	0.0154481
0.407	0.0154119	0.0204176	0.0154187
0.408	0.0153809	0.020394	0.0153755
0.409	0.0153654	0.0203818	0.0153464
0.41	0.0153363	0.020358	0.0153052
0.411	0.0153109	0.0203367	0.0152714
0.412	0.0152967	0.0203264	0.015236
0.413	0.0152811	0.0203135	0.0152088
0.414	0.0152443	0.0202833	0.0151619
0.415	0.015222	0.0202673	0.0151247
0.416	0.0151962	0.0202444	0.015089
0.417	0.0151752	0.0202304	0.0150539
0.418	0.015155	0.0202132	0.0150187
0.419	0.0151488	0.0202115	0.0149966
0.42	0.0151101	0.0201777	0.0149493
0.421	0.015076	0.0201485	0.0149049
0.422	0.0150637	0.0201393	0.0148782
0.423	0.0150416	0.0201167	0.0148436
0.424	0.0150328	0.0201152	0.0148181
0.425	0.0150064	0.0200961	0.0147785
0.426	0.014984	0.0200777	0.0147464
0.427	0.0149539	0.0200555	0.014705
0.428	0.0149198	0.0200218	0.014659
0.429	0.0149138	0.0200204	0.0146384
0.43	0.0148835	0.0199954	0.0145917
0.431	0.014856	0.0199746	0.0145572
0.432	0.014848	0.0199711	0.014533
0.433	0.0148246	0.0199503	0.0144922
0.434	0.0147999	0.0199281	0.014458
0.435	0.0147655	0.0198998	0.0144178
0.436	0.0147585	0.019898	0.0143892
0.437	0.0147278	0.0198763	0.0143545
0.438	0.0147141	0.0198618	0.0143281
0.439	0.0146942	0.0198465	0.0142926
0.44	0.0146638	0.0198207	0.0142444
0.441	0.0146302	0.0197949	0.014206
0.442	0.0146006	0.0197702	0.0141608
0.443	0.0145899	0.0197598	0.0141392
0.444	0.014584	0.0197607	0.0141166
0.445	0.0145608	0.0197392	0.0140767
0.446	0.0145228	0.0197069	0.0140318
0.447	0.0145041	0.0196939	0.0140022
0.448	0.0144705	0.0196646	0.0139621
0.449	0.0144676	0.0196644	0.0139405
0.45	0.0144399	0.0196463	0.0139017
0.451	0.0144284	0.0196372	0.0138722
0.452	0.014393	0.0196069	0.0138321
0.453	0.0143811	0.0195983	0.0138014
0.454	0.0143489	0.0195735	0.0137642
0.455	0.0143296	0.019557	0.0137265
0.456	0.0143081	0.0195354	0.013697
0.457	0.0142889	0.0195243	0.0136599
0.458	0.014279	0.0195183	0.0136373
0.459	0.0142465	0.0194882	0.0135969
0.46	0.0142222	0.0194704	0.0135586
0.461	0.0142115	0.0194629	0.0135338
0.462	0.0141742	0.0194339	0.0134858
0.463	0.0141493	0.0194142	0.0134512
0.464	0.0141359	0.0194033	0.0134237
0.465	0.0141262	0.0193959	0.0134018
0.466	0.0140864	0.019365	0.013348
0.467	0.0140621	0.0193424	0.0133127
0.468	0.0140611	0.0193495	0.0132994
0.469	0.014017	0.0193054	0.0132447
0.47	0.0140131	0.0193042	0.013227
0.471	0.0139778	0.0192779	0.0131836
0.472	0.0139633	0.0192663	0.0131573
0.473	0.0139493	0.0192567	0.0131259
0.474	0.0139423	0.0192529	0.0131039
0.475	0.0139089	0.0192231	0.0130599
0.476	0.0139024	0.0192237	0.0130367
0.477	0.0138591	0.0191849	0.0129852
0.478	0.0138581	0.019188	0.0129712
0.479	0.0138267	0.0191604	0.0129277
0.48	0.0138201	0.0191591	0.0129064
0.481	0.0137764	0.0191196	0.0128546
0.482	0.0137595	0.0191072	0.0128262
0.483	0.0137435	0.0190965	0.0127968
0.484	0.0137391	0.0190952	0.0127781
0.485	0.0136995	0.0190612	0.0127297
0.486	0.0136836	0.0190459	0.0127011
0.487	0.0136601	0.0190337	0.0126686
0.488	0.0136449	0.0190175	0.0126389
0.489	0.0136244	0.019002	0.0126106
0.49	0.0135942	0.0189777	0.0125678
0.491	0.0135814	0.0189686	0.0125412
0.492	0.0135579	0.018949	0.0125059
0.493	0.0135479	0.0189431	0.0124829
0.494	0.0135151	0.0189183	0.0124388
0.495	0.0134985	0.0189079	0.0124113
0.496	0.0134857	0.0188993	0.0123854
0.497	0.0134719	0.0188884	0.012358
0.498	0.013457	0.018877	0.0123298
0.499	0.0134177	0.0188456	0.0122835
0.5	0.0134081	0.0188371	0.0122634
0.501	0.0133888	0.0188207	0.0122297
0.502	0.0133814	0.018818	0.0122021
0.503	0.0133428	0.0187864	0.0121653
0.504	0.0133314	0.0187776	0.0121388
0.505	0.013306	0.0187579	0.012101
0.506	0.013291	0.0187466	0.0120691
0.507	0.0132657	0.0187269	0.0120387
0.508	0.0132404	0.0187032	0.012003
0.509	0.0132219	0.0186928	0.0119696
0.51	0.0132039	0.0186772	0.0119413
0.511	0.0131741	0.018653	0.0118992
0.512	0.0131674	0.0186492	0.011878
0.513	0.0131487	0.0186348	0.0118556
0.514	0.0131319	0.0186209	0.0118175
0.515	0.0131034	0.0185983	0.0117776
0.516	0.0130945	0.0185923	0.0117574
0.517	0.0130812	0.0185834	0.0117313
0.518	0.0130529	0.0185608	0.0116952
0.519	0.0130198	0.0185334	0.0116482
0.52	0.0130094	0.0185269	0.0116296
0.521	0.0129976	0.018516	0.0116002
0.522	0.012973	0.0184989	0.0115685
0.523	0.0129524	0.0184859	0.0115386
0.524	0.0129391	0.0184722	0.011509
0.525	0.0129257	0.0184661	0.0114826
0.526	0.0129137	0.0184555	0.0114525
0.527	0.0128825	0.0184289	0.0114202
0.528	0.0128764	0.0184277	0.011394
0.529	0.0128488	0.018403	0.0113599
0.53	0.012832	0.018391	0.011325
0.531	0.0128075	0.0183723	0.0112947
0.532	0.0127776	0.018342	0.0112546
0.533	0.012767	0.0183383	0.0112267
0.534	0.0127506	0.0183272	0.0112
0.535	0.0127375	0.0183155	0.0111767
0.536	0.0126995	0.0182816	0.0111251
0.537	0.0127	0.0182895	0.0111072
0.538	0.0126741	0.0182664	0.0110739
0.539	0.0126523	0.0182513	0.0110377
0.54	0.0126448	0.0182477	0.0110228
0.541	0.0126258	0.0182352	0.0109812
0.542	0.0125919	0.0182034	0.0109434
0.543	0.0125883	0.0182022	0.0109207
0.544	0.0125576	0.018178	0.0108901
0.545	0.012538	0.0181593	0.0108506
0.546	0.0125176	0.0181435	0.0108202
0.547	0.0125044	0.0181357	0.0107897
0.548	0.0124835	0.0181221	0.0107581
0.549	0.0124695	0.0181122	0.0107346
0.55	0.0124482	0.0180919	0.010699
0.551	0.0124421	0.0180887	0.0106755
0.552	0.0124159	0.0180663	0.0106377
0.553	0.0123944	0.0180477	0.0106039
0.554	0.0123967	0.0180556	0.0105909
0.555	0.0123484	0.0180146	0.0105357
0.556	0.0123368	0.0180054	0.0105073
0.557	0.0123379	0.0180088	0.010494
0.558	0.0123042	0.0179849	0.0104538
0.559	0.012293	0.0179768	0.0104262
0.56	0.0122791	0.0179601	0.0104008
0.561	0.0122564	0.0179492	0.0103607
0.562	0.0122467	0.0179426	0.010343
0.563	0.0122249	0.0179273	0.0103079
0.564	0.012188	0.0178947	0.0102593
0.565	0.0121698	0.017881	0.010228
0.566	0.0121481	0.0178641	0.0101916
0.567	0.0121528	0.0178683	0.0101864
0.568	0.0121363	0.0178548	0.010156
0.569	0.0120953	0.0178194	0.0101003
0.57	0.0120971	0.0178304	0.010086
0.571	0.0120779	0.0178156	0.0100528
0.572	0.0120584	0.0177986	0.0100246
0.573	0.0120304	0.0177768	0.00998005
0.574	0.0120169	0.017764	0.00995649
0.575	0.0119975	0.0177535	0.00992377
0.576	0.01198	0.0177414	0.00989556
0.577	0.011954	0.0177147	0.00985798
0.578	0.0119393	0.0177137	0.00982858
0.579	0.0119239	0.0176963	0.00979881
0.58	0.0119128	0.0176898	0.00977904
0.581	0.011905	0.0176845	0.00975705
0.582	0.0118459	0.0176358	0.00968805
0.583	0.0118531	0.0176455	0.00968221
0.584	0.0118306	0.0176329	0.0096482
0.585	0.0118031	0.0176106	0.00960997
0.586	0.011818	0.017624	0.00959783
0.587	0.0117798	0.0175881	0.00955944
0.588	0.011743	0.0175626	0.00951037
0.589	0.0117335	0.0175598	0.00948833
0.59	0.0117301	0.0175635	0.00946517
0.591	0.0117018	0.0175393	0.00943105
0.592	0.0116968	0.0175406	0.00941305
0.593	0.0116607	0.0175107	0.0093636
0.594	0.0116581	0.0175125	0.00934652
0.595	0.0116422	0.0175021	0.00932506
0.596	0.0116199	0.0174836	0.00928875
0.597	0.0115991	0.017468	0.00924643
0.598	0.0115824	0.0174588	0.00922094
0.599	0.0115598	0.0174419	0.00918716
0.6	0.0115345	0.0174237	0.00914858
0.601	0.0115047	0.0173988	0.00911187
0.602	0.0114942	0.0173911	0.00908684
0.603	0.0114777	0.017383	0.00906116
0.604	0.0114621	0.0173731	0.00902777
0.605	0.0114453	0.0173649	0.00899728
0.606	0.0114222	0.0173474	0.00896701
0.607	0.0114099	0.01734	0.00894211
0.608	0.0113773	0.0173126	0.00889666
0.609	0.0113583	0.0173021	0.00886681
0.61	0.0113379	0.0172878	0.00883462
0.611	0.0113273	0.0172869	0.00881517
0.612	0.0113186	0.017277	0.00878948
0.613	0.0112883	0.0172551	0.00875172
0.614	0.0112865	0.0172599	0.00873453
0.615	0.0112687	0.0172457	0.00870579
0.616	0.0112334	0.0172234	0.00865781
0.617	0.0112147	0.0172099	0.00862435
0.618	0.0112055	0.0172008	0.00860477
0.619	0.0111801	0.0171897	0.00856852
0.62	0.0111696	0.0171841	0.00854475
0.621	0.0111523	0.0171747	0.00851468
0.622	0.0111284	0.0171538	0.00848965
0.623	0.0110899	0.0171274	0.00843551
0.624	0.0110788	0.0171263	0.00840202
0.625	0.0110692	0.0171174	0.00838536
0.626	0.0110627	0.0171203	0.00837194
0.627	0.0110087	0.0170735	0.00830386
0.628	0.0109993	0.0170692	0.00828725
0.629	0.0109888	0.0170695	0.00825425
0.63	0.0109698	0.017057	0.00822743
0.631	0.010937	0.0170302	0.00818552
0.632	0.0109371	0.0170327	0.00816802
0.633	0.01092	0.0170319	0.0081376
0.634	0.0108804	0.0169988	0.0080926
0.635	0.0108647	0.0169898	0.00806562
0.636	0.0108492	0.016974	0.00803807
0.637	0.0108153	0.0169546	0.00799081
0.638	0.0108083	0.0169496	0.00797267
0.639	0.010796	0.0169516	0.00794665
0.64	0.0107774	0.0169341	0.00791926
0.641	0.0107595	0.0169295	0.00788933
0.642	0.0107397	0.0169074	0.00785966
0.643	0.0107351	0.0169145	0.00784111
0.644	0.0107165	0.0169037	0.00780995
0.645	0.0106989	0.0168925	0.00778131
0.646	0.0106583	0.0168585	0.0077305
0.647	0.0106478	0.0168549	0.00770583
0.648	0.0106196	0.0168368	0.0076663
0.649	0.0106243	0.0168488	0.00765591
0.65	0.0105883	0.01682	0.00760487
0.651	0.0105786	0.0168172	0.00759335
0.652	0.0105458	0.0167919	0.00754846
0.653	0.0105297	0.0167789	0.00751425
0.654	0.0105049	0.0167679	0.00748199
0.655	0.0104869	0.0167545	0.00745243
0.656	0.0104928	0.0167709	0.00744463
0.657	0.0104475	0.0167343	0.00738756
0.658	0.0104458	0.016741	0.00737439
0.659	0.0104216	0.0167225	0.00733423
0.66	0.0103919	0.0167011	0.00729934
0.661	0.010368	0.0166775	0.00726661
0.662	0.0103541	0.0166787	0.0072365
0.663	0.0103438	0.0166756	0.00721947
0.664	0.0103207	0.0166582	0.00718298
0.665	0.0103311	0.0166746	0.00717396
0.666	0.0102744	0.0166265	0.007115
0.667	0.0102731	0.016631	0.00709644
0.668	0.0102445	0.0166137	0.00706363
0.669	0.0102249	0.0166028	0.00703472
0.67	0.0102092	0.016591	0.00700438
0.671	0.010201	0.0165965	0.00697509
0.672	0.0101869	0.0165914	0.00696367
0.673	0.010137	0.0165502	0.00690031
0.674	0.0101178	0.0165379	0.00687111
0.675	0.0101282	0.0165614	0.0068691
0.676	0.0100812	0.0165172	0.00681766
0.677	0.0100696	0.0165214	0.00678908
0.678	0.0100477	0.0165012	0.00676458
0.679	0.0100342	0.016495	0.00673083
0.68	0.0100064	0.016474	0.00670422
0.681	0.00999921	0.0164785	0.00667938
0.682	0.00996507	0.0164527	0.00663215
0.683	0.00996001	0.0164565	0.00661667
0.684	0.00993071	0.0164366	0.00658343
0.685	0.00989667	0.0164035	0.00654574
0.686	0.00989879	0.0164132	0.00652886
0.687	0.00986188	0.0163896	0.00648957
0.688	0.00983481	0.016372	0.00645876
0.689	0.00982187	0.0163732	0.0064268
0.69	0.00980579	0.0163641	0.00640426
0.691	0.00978339	0.0163504	0.00638031
0.692	0.009762	0.0163374	0.00635078
0.693	0.00975115	0.0163358	0.00632698
0.694	0.00972837	0.0163159	0.0062971
0.695	0.00973541	0.0163293	0.0062945
0.696	0.00969286	0.0162954	0.00625196
0.697	0.00967209	0.0162896	0.00622108
0.698	0.00963496	0.0162577	0.00617588
0.699	0.00960628	0.0162444	0.00614169
0.7	0.00960666	0.0162539	0.00612866
0.701	0.00958321	0.016237	0.00610326
0.702	0.00957422	0.0162381	0.00607731
0.703	0.00954579	0.0162131	0.00604339
0.704	0.00952953	0.0162115	0.00602538
0.705	0.00949466	0.0161792	0.00598354
0.706	0.00948216	0.016182	0.00596147
0.707	0.00947856	0.0161825	0.00594889
0.708	0.00944549	0.0161602	0.00591618
0.709	0.00940756	0.016131	0.00587399
0.71	0.00940348	0.0161349	0.00585486
0.711	0.0093793	0.0161055	0.00583437
0.712	0.00937811	0.0161323	0.00581941
0.713	0.0093416	0.0160964	0.00578578
0.714	0.00930721	0.0160674	0.00574813
0.715	0.00930832	0.0160842	0.00573192
0.716	0.00927678	0.0160638	0.00569536
0.717	0.00925018	0.0160352	0.00566476
0.718	0.00922675	0.0160291	0.00563981
0.719	0.0092144	0.0160237	0.00561682
0.72	0.0091816	0.0159968	0.00558745
0.721	0.00916713	0.0159856	0.00556822
0.722	0.00916129	0.0159951	0.00556127
0.723	0.00911839	0.0159627	0.0055087
0.724	0.00912795	0.0159727	0.0055071
0.725	0.00906574	0.0159247	0.00544696
0.726	0.00904729	0.0159166	0.00542866
0.727	0.00905562	0.0159272	0.00542456
0.728	0.0090198	0.0159008	0.00539033
0.729	0.00898651	0.0158777	0.00535706
0.73	0.0089782	0.015875	0.00533834
0.731	0.0089532	0.0158537	0.00531627
0.732	0.00896373	0.0158745	0.00530911
0.733	0.00889058	0.0158185	0.0052469
0.734	0.00888014	0.0158178	0.00523785
0.735	0.00886628	0.0157936	0.00521914
0.736	0.00885461	0.0157921	0.00519709
0.737	0.00882985	0.0157805	0.00517894
0.738	0.00880529	0.0157704	0.00515532
0.739	0.00878734	0.0157526	0.0051257
0.74	0.00876498	0.0157407	0.00510291
0.741	0.00873725	0.0157076	0.00507777
0.742	0.00872344	0.0157123	0.00506617
0.743	0.00869412	0.0156887	0.00503724
0.744	0.00868504	0.0156746	0.00502163
0.745	0.00865248	0.0156539	0.00498721
0.746	0.00864237	0.0156488	0.00498368
0.747	0.0086338	0.0156455	0.00496866
0.748	0.00857458	0.0155938	0.00492584
0.749	0.0085685	0.015599	0.00490233
0.75	0.00854523	0.0155799	0.0048925
0.751	0.00852437	0.0155532	0.0048753
0.752	0.0085051	0.0155443	0.00485248
0.753	0.00849101	0.0155399	0.00484359
0.754	0.00845033	0.0155083	0.00480183
0.755	0.00843872	0.0154937	0.00479783
0.756	0.00839859	0.0154601	0.00476092
0.757	0.00840104	0.0154805	0.00475726
0.758	0.00838534	0.0154628	0.00475801
0.759	0.00832861	0.0154166	0.00470549
0.76	0.00832186	0.0154074	0.00469831
0.761	0.00832375	0.015407	0.00469728
0.762	0.00827291	0.0153642	0.00466356
0.763	0.00826597	0.0153694	0.00465391
0.764	0.00824936	0.0153486	0.00463713
0.765	0.00825266	0.015356	0.00464995
0.766	0.00818625	0.0152911	0.00461438
0.767	0.00817669	0.0152888	0.00460246
0.768	0.00820262	0.0153098	0.00464038
0.769	0.00814463	0.0152503	0.00457889
0.77	0.00814035	0.0152587	0.00458119
0.771	0.00811109	0.0152237	0.00456397
0.772	0.00807569	0.0151844	0.00453216
0.773	0.00805781	0.0151792	0.00453149
0.774	0.00803452	0.0151587	0.00451244
0.775	0.00802608	0.015154	0.00450416
0.776	0.00799248	0.0151223	0.00449483
0.777	0.00801444	0.0151251	0.00453002
0.778	0.00800688	0.0151208	0.00451701
0.779	0.0079425	0.0150796	0.00447151
0.78	0.00791302	0.0150376	0.00445865
0.781	0.00790635	0.0150138	0.00446896
0.782	0.00789598	0.0150182	0.00446334
0.783	0.00785019	0.0149693	0.00444385
0.784	0.00784094	0.0149666	0.00442954
0.785	0.00783121	0.0149567	0.00443567
0.786	0.00780619	0.0149221	0.00442206
0.787	0.00778887	0.0148882	0.00443467
0.788	0.00777785	0.0148913	0.00443329
0.789	0.00775428	0.0148675	0.00441077
0.79	0.0077399	0.014853	0.00441883
0.791	0.00770677	0.0148072	0.00439522
0.792	0.00770117	0.0148128	0.00440372
0.793	0.00765978	0.0147607	0.00437477
0.794	0.0076674	0.0147665	0.00438693
0.795	0.00766188	0.0147635	0.00439133
0.796	0.00761481	0.0147051	0.0043723
0.797	0.00759527	0.0146777	0.00436581
0.798	0.0075901	0.0146608	0.00439174
0.799	0.00758557	0.0146465	0.00438848
0.8	0.00757664	0.0146363	0.00438381
0.801	0.0075489	0.0145946	0.00438243
0.802	0.00752017	0.0145637	0.00436193
0.803	0.007514	0.0145633	0.00436874
0.804	0.00744861	0.0144978	0.00432237
0.805	0.00747687	0.0145022	0.00436505
0.806	0.00743723	0.0144549	0.0043567
0.807	0.00745181	0.0144583	0.00437024
0.808	0.00741853	0.0144123	0.00433931
0.809	0.00740207	0.0144024	0.00434836
0.81	0.00737842	0.01437	0.00433135
0.811	0.00737349	0.0143538	0.00434213
0.812	0.00736315	0.0143145	0.00433549
0.813	0.00732509	0.0142867	0.00431387
0.814	0.00731643	0.0142827	0.00432671
0.815	0.00725678	0.014207	0.00429062
0.816	0.00730066	0.0142264	0.00433889
0.817	0.00728353	0.014183	0.00432666
0.818	0.00723534	0.0141358	0.00429963
0.819	0.00725439	0.0141552	0.0043235
0.82	0.00719931	0.0140859	0.0042905
0.821	0.00723766	0.0140893	0.00434208
0.822	0.00723083	0.0140792	0.00433231
0.823	0.00716638	0.0140152	0.00429728
0.824	0.00719225	0.0140195	0.00431006
0.825	0.0071405	0.0139402	0.00430229
0.826	0.0071493	0.013952	0.00429067
0.827	0.00713589	0.0139261	0.00431285
0.828	0.00714836	0.013889	0.00431667
0.829	0.00712086	0.0138623	0.0043091
0.83	0.00708072	0.0138114	0.0042903
0.831	0.00713183	0.0137948	0.00433641
0.832	0.00704825	0.013756	0.00427711
0.833	0.00706596	0.0137543	0.00429632
0.834	0.0070463	0.0137016	0.00429944
0.835	0.00704292	0.0136855	0.00428522
0.836	0.00700776	0.0136554	0.00427397
0.837	0.00698068	0.0135908	0.00425116
0.838	0.00699064	0.0135988	0.00426827
0.839	0.00692773	0.0134993	0.00422796
0.84	0.00698392	0.013518	0.00428653
0.841	0.00692019	0.0134568	0.00425095
0.842	0.00690577	0.013408	0.00424852
0.843	0.00687728	0.0133748	0.00423058
0.844	0.00692099	0.0133897	0.00427994
0.845	0.00686961	0.013328	0.0042516
0.846	0.00690371	0.0133649	0.00428984
0.847	0.0068384	0.013273	0.00423233
0.848	0.00687474	0.0132519	0.00428019
0.849	0.00680828	0.0131907	0.0042359
0.85	0.0068266	0.0131571	0.00425137
0.851	0.00682352	0.0131481	0.00425563
0.852	0.00679732	0.0130902	0.00424771
0.853	0.00676129	0.0130484	0.00422572
0.854	0.00670747	0.0129936	0.00418272
0.855	0.00672172	0.012978	0.00420798
0.856	0.00673204	0.0129303	0.0042284
0.857	0.00672887	0.0129064	0.0042378
0.858	0.00666804	0.0128287	0.00420967
0.859	0.00672773	0.0128541	0.00424636
0.86	0.00664145	0.0127705	0.00419036
0.861	0.00669606	0.0127808	0.00425002
0.862	0.00662156	0.0127182	0.00419328
0.863	0.00660368	0.012631	0.00418346
0.864	0.00660259	0.0126309	0.00418946
0.865	0.0065873	0.0125637	0.00418899
0.866	0.00653521	0.0125321	0.00415934
0.867	0.00657376	0.0125219	0.00419105
0.868	0.00651077	0.0124145	0.00415587
0.869	0.00653214	0.0124141	0.0041908
0.87	0.00649846	0.0123668	0.00417713
0.871	0.00645235	0.0122797	0.00415538
0.872	0.00646986	0.0122546	0.00415627
0.873	0.00647404	0.0122286	0.00417794
0.874	0.00641344	0.0121886	0.00413734
0.875	0.00642235	0.0121296	0.00416894
0.876	0.00642735	0.0120989	0.00417378
0.877	0.00636492	0.0119895	0.00412991
0.878	0.00638779	0.0119894	0.00417436
0.879	0.00632051	0.0119016	0.00412287
0.88	0.00629685	0.0118505	0.00411255
0.881	0.00630395	0.0117845	0.00412703
0.882	0.00627143	0.0117624	0.00410241
0.883	0.00626342	0.0117118	0.00412697
0.884	0.0062287	0.0116645	0.00411386
0.885	0.00627762	0.0116331	0.00416471
0.886	0.00620354	0.0115445	0.00410638
0.887	0.00622797	0.011523	0.00412282
0.888	0.00620203	0.0114455	0.00413784
0.889	0.00616489	0.0113758	0.00410039
0.89	0.00612904	0.0113268	0.00409999
0.891	0.00610822	0.0112659	0.00409016
0.892	0.0061139	0.0112291	0.00409923
0.893	0.00604173	0.0111238	0.00404161
0.894	0.00607533	0.0110928	0.00408626
0.895	0.00605568	0.0110561	0.00409139
0.896	0.00600193	0.0109513	0.00404869
0.897	0.00608136	0.0109518	0.00414197
0.898	0.00595822	0.0108515	0.00403172
0.899	0.00597889	0.010795	0.00407817
0.9	0.00596626	0.010739	0.00408136
0.901	0.00593496	0.0106646	0.00405842
0.902	0.00592438	0.0106131	0.00405216
0.903	0.00593165	0.0105865	0.00407714
0.904	0.00589276	0.0104879	0.00406562
0.905	0.00590234	0.0104213	0.0040839
0.906	0.00586791	0.0103449	0.00407023
0.907	0.0058297	0.0102695	0.00405009
0.908	0.00584103	0.0102023	0.00407237
0.909	0.00582218	0.010143	0.00406296
0.91	0.00577692	0.0100364	0.00403353
0.911	0.0057119	0.00996069	0.00398748
0.912	0.00575392	0.00991211	0.00403519
0.913	0.00577216	0.00989749	0.00405509
0.914	0.00572189	0.00978835	0.0040354
0.915	0.00571586	0.00967791	0.00405256
0.916	0.00575995	0.00963573	0.00410534
0.917	0.00574253	0.00955571	0.00408973
0.918	0.00569299	0.00942674	0.00406997
0.919	0.00564366	0.00935461	0.00403177
0.92	0.00569329	0.00930757	0.00409009
0.921	0.00572276	0.00926738	0.00412217
0.922	0.00563732	0.00915257	0.00405789
0.923	0.00559645	0.00906088	0.00403195
0.924	0.00565189	0.00901083	0.0040954
0.925	0.00565071	0.00892473	0.00410109
0.926	0.00557837	0.00882212	0.00405575
0.927	0.0055357	0.00864659	0.00403521
0.928	0.0055284	0.00857979	0.00403089
0.929	0.00556315	0.00853572	0.00406076
0.93	0.00558538	0.00843672	0.00409099
0.931	0.00552888	0.0083588	0.0040372
0.932	0.0055542	0.00828513	0.00406802
0.933	0.00553318	0.00816489	0.00404702
0.934	0.00551532	0.00803081	0.00406215
0.935	0.00553227	0.00797144	0.00407514
0.936	0.00553831	0.00789917	0.00407483
0.937	0.00562645	0.00782152	0.00418582
0.938	0.00554164	0.0076561	0.00410021
0.939	0.00557703	0.0075996	0.00413728
0.94	0.00550742	0.00742653	0.00408207
0.941	0.00561867	0.00737784	0.00419039
0.942	0.0055918	0.00723708	0.00416655
0.943	0.00570485	0.00719304	0.0042793
0.944	0.00562048	0.00703238	0.00419423
0.945	0.00562945	0.00692986	0.00420192
0.946	0.00574068	0.00685518	0.00431014
0.947	0.00581601	0.00676924	0.00436609
0.948	0.00565099	0.00657583	0.00422785
0.949	0.00583652	0.00654164	0.00438262
0.95	0.00584262	0.00643879	0.00439239
0.951	0.00576522	0.00621934	0.00431838
0.952	0.00591425	0.00624039	0.00443558
0.953	0.00590985	0.00610186	0.0044478
0.954	0.00583613	0.00592995	0.00436696
0.955	0.00601148	0.00578413	0.00451882
0.956	0.00604142	0.00566246	0.0045284
0.957	0.0060333	0.00559754	0.00450536
0.958	0.00627911	0.00552812	0.00472714
0.959	0.00628356	0.00538236	0.00472282
0.96	0.00632679	0.00524093	0.00475508
0.961	0.00639324	0.00512247	0.00479582
0.962	0.00642064	0.00501842	0.00480683
0.963	0.0064989	0.00484955	0.0048555
0.964	0.00667184	0.00483992	0.00499372
0.965	0.00691255	0.00471559	0.00517937
0.966	0.00696655	0.00462113	0.00520904
0.967	0.00716706	0.00459272	0.00536543
0.968	0.00745943	0.00447016	0.00560076
0.969	0.00754803	0.00430564	0.00563337
0.97	0.0075959	0.00426879	0.00565864
0.971	0.00788009	0.00407135	0.00585605
0.972	0.00797975	0.00398728	0.00593174
0.973	0.00857013	0.00396272	0.00639963
0.974	0.00854056	0.0038611	0.00632796
0.975	0.00891424	0.0038073	0.0065945
0.976	0.00935406	0.00374652	0.00691653
0.977	0.00969489	0.00367793	0.00714558
0.978	0.0102552	0.00362089	0.00758156
0.979	0.0108626	0.00353678	0.00801009
0.98	0.0114291	0.00352455	0.00840893
0.981	0.0121082	0.00346732	0.0089387
0.982	0.0126964	0.00340258	0.00931602
0.983	0.0133875	0.00345365	0.00982046
0.984	0.0146881	0.00355433	0.010745
0.985	0.0164868	0.00370066	0.0121418
0.986	0.0175394	0.00361058	0.012813
0.987	0.0186993	0.00353163	0.0134609
0.988	0.0217419	0.00407359	0.0159015
0.989	0.025229	0.00424934	0.0184456
0.99	0.0282709	0.00454419	0.0205403
0.991	0.0332813	0.00492192	0.0241211
0.992	0.040786	0.00529031	0.0296409
0.993	0.0458695	0.00576018	0.0327749
0.994	0.0625825	0.00719787	0.0451288
0.995	0.0874479	0.00963045	0.0627912
0.996	0.12969	0.0134029	0.0931555
0.997	0.219744	0.0197766	0.157719
0.998	0.454289	0.0378647	0.323403
