L	opf	cc	jcc
0.6	0.011536	0.0178876	0.0169916
0.6008	0.0115146	0.0178662	0.0169684
0.6016	0.0115078	0.0178504	0.0169507
0.6024	0.0114959	0.0178364	0.0169352
0.6032	0.0114835	0.0178181	0.0169155
0.604	0.011472	0.0178046	0.0169004
0.6048	0.0114496	0.017778	0.0168722
0.6056	0.0114238	0.0177498	0.0168422
0.6064	0.0114177	0.0177358	0.0168273
0.6072	0.0114043	0.0177181	0.016807
0.608	0.0113949	0.0177056	0.0167928
0.6088	0.0113663	0.0176734	0.0167594
0.6096	0.0113554	0.017658	0.0167422
0.6104	0.0113507	0.0176466	0.0167293
0.6112	0.0113331	0.0176253	0.0167058
0.612	0.0113184	0.0176065	0.016686
0.6128	0.0112986	0.0175852	0.016663
0.6136	0.0112828	0.0175645	0.0166407
0.6144	0.0112737	0.01755	0.0166245
0.6152	0.0112501	0.0175238	0.0165965
0.616	0.0112369	0.0175045	0.0165753
0.6168	0.0112173	0.0174814	0.0165508
0.6176	0.0112055	0.0174633	0.0165306
0.6184	0.0111932	0.0174477	0.0165136
0.6192	0.0111772	0.0174267	0.0164905
0.62	0.0111617	0.0174078	0.0164706
0.6208	0.0111558	0.0173967	0.0164579
0.6216	0.0111435	0.0173799	0.0164385
0.6224	0.0111104	0.0173439	0.0164011
0.6232	0.0111008	0.0173306	0.0163859
0.624	0.011086	0.017308	0.0163614
0.6248	0.0110592	0.0172814	0.0163336
0.6256	0.0110583	0.0172718	0.0163215
0.6264	0.0110409	0.0172512	0.0162994
0.6272	0.0110277	0.0172328	0.0162792
0.628	0.0110135	0.0172166	0.0162616
0.6288	0.0109954	0.0171899	0.0162325
0.6296	0.0109764	0.0171703	0.0162111
0.6304	0.0109616	0.0171509	0.0161904
0.6312	0.0109516	0.0171363	0.016174
0.632	0.0109287	0.0171048	0.0161407
0.6328	0.0109177	0.0170951	0.0161295
0.6336	0.010904	0.0170762	0.0161081
0.6344	0.0108877	0.0170523	0.0160825
0.6352	0.0108713	0.0170343	0.0160623
0.636	0.0108652	0.0170211	0.0160477
0.6368	0.0108404	0.0169962	0.0160205
0.6376	0.0108249	0.0169715	0.0159944
0.6384	0.0108087	0.0169552	0.0159763
0.6392	0.0107945	0.0169328	0.0159521
0.64	0.0107841	0.0169198	0.0159369
0.6408	0.0107618	0.0168948	0.0159096
0.6416	0.0107455	0.0168749	0.0158885
0.6424	0.0107342	0.0168578	0.0158691
0.6432	0.0107193	0.0168389	0.0158484
0.644	0.0106948	0.016811	0.015819
0.6448	0.010696	0.0168059	0.0158116
0.6456	0.0106744	0.0167826	0.0157866
0.6464	0.010649	0.0167518	0.0157539
0.6472	0.0106507	0.0167452	0.0157449
0.648	0.010639	0.0167334	0.015731
0.6488	0.0106001	0.0166931	0.0156887
0.6496	0.0105953	0.0166806	0.0156743
0.6504	0.0105811	0.0166617	0.0156537
0.6512	0.010572	0.0166494	0.0156392
0.652	0.0105415	0.0166142	0.0156019
0.6528	0.0105364	0.0166062	0.0155919
0.6536	0.01053	0.0165915	0.015575
0.6544	0.0105134	0.0165738	0.0155548
0.6552	0.0104963	0.01655	0.0155299
0.656	0.0104674	0.0165203	0.0154976
0.6568	0.0104635	0.0165102	0.0154851
0.6576	0.0104521	0.0164919	0.0154651
0.6584	0.0104201	0.0164621	0.0154331
0.6592	0.0104166	0.0164517	0.0154209
0.66	0.0103991	0.0164312	0.0153978
0.6608	0.010375	0.0164059	0.0153707
0.6616	0.0103644	0.0163909	0.0153536
0.6624	0.0103494	0.0163718	0.0153317
0.6632	0.0103258	0.0163428	0.015301
0.664	0.0103161	0.0163333	0.0152886
0.6648	0.0103116	0.016323	0.0152763
0.6656	0.0102882	0.0162945	0.0152453
0.6664	0.0102855	0.0162884	0.0152369
0.6672	0.0102577	0.0162586	0.0152045
0.668	0.0102402	0.0162384	0.0151819
0.6688	0.0102247	0.0162161	0.0151575
0.6696	0.0102128	0.0162014	0.0151402
0.6704	0.0102145	0.0161981	0.0151334
0.6712	0.0101801	0.0161623	0.0150959
0.672	0.0101813	0.0161568	0.0150875
0.6728	0.0101489	0.0161237	0.0150517
0.6736	0.0101381	0.0161087	0.015034
0.6744	0.0101214	0.0160899	0.0150126
0.6752	0.0101044	0.0160723	0.0149925
0.676	0.010077	0.0160391	0.0149569
0.6768	0.0100697	0.0160305	0.0149452
0.6776	0.0100638	0.0160185	0.0149304
0.6784	0.0100351	0.0159868	0.014896
0.6792	0.0100381	0.0159861	0.0148922
0.68	0.0100186	0.0159616	0.0148643
0.6808	0.00998909	0.0159333	0.0148338
0.6816	0.00997457	0.0159191	0.0148161
0.6824	0.00996377	0.0159042	0.0147983
0.6832	0.00994664	0.0158839	0.0147745
0.684	0.00992399	0.0158596	0.0147473
0.6848	0.0099089	0.0158404	0.0147249
0.6856	0.00989594	0.0158245	0.0147061
0.6864	0.00988748	0.015812	0.0146901
0.6872	0.00987149	0.0157914	0.0146666
0.688	0.00985525	0.0157747	0.0146464
0.6888	0.0098265	0.0157481	0.0146168
0.6896	0.00982055	0.0157389	0.0146036
0.6904	0.00979435	0.0157104	0.0145718
0.6912	0.00978817	0.0156977	0.0145555
0.692	0.00977441	0.0156842	0.0145382
0.6928	0.0097628	0.0156711	0.014522
0.6936	0.00973707	0.0156443	0.014492
0.6944	0.00972293	0.0156284	0.0144725
0.6952	0.00970279	0.0156081	0.0144479
0.696	0.00969783	0.0155988	0.0144355
0.6968	0.00967025	0.0155691	0.0144017
0.6976	0.00965524	0.0155535	0.0143826
0.6984	0.00963855	0.0155363	0.014361
0.6992	0.00962216	0.0155144	0.0143359
0.7	0.00961293	0.0154998	0.0143173
0.7008	0.00957695	0.0154688	0.0142833
0.7016	0.00957668	0.0154634	0.0142734
0.7024	0.00955291	0.0154415	0.0142475
0.7032	0.00954066	0.0154253	0.014228
0.704	0.00952961	0.0154109	0.0142095
0.7048	0.00951419	0.0153952	0.0141895
0.7056	0.00950554	0.0153815	0.014172
0.7064	0.0094748	0.0153531	0.0141389
0.7072	0.00945344	0.0153323	0.0141143
0.708	0.00944283	0.0153177	0.0140955
0.7088	0.00942127	0.0152932	0.014067
0.7096	0.00941262	0.0152857	0.0140557
0.7104	0.00939616	0.0152716	0.0140374
0.7112	0.00936715	0.0152417	0.0140031
0.712	0.0093519	0.015223	0.0139801
0.7128	0.00933691	0.0152071	0.0139598
0.7136	0.00932553	0.0151915	0.0139408
0.7144	0.00931536	0.0151809	0.0139253
0.7152	0.00929921	0.0151638	0.0139039
0.716	0.00927919	0.0151447	0.0138807
0.7168	0.0092516	0.0151188	0.01385
0.7176	0.00923838	0.0151038	0.0138308
0.7184	0.00922381	0.0150855	0.0138081
0.7192	0.00919918	0.0150628	0.013782
0.72	0.00919261	0.0150569	0.0137703
0.7208	0.00917587	0.0150357	0.0137454
0.7216	0.00915714	0.0150196	0.0137243
0.7224	0.00913344	0.01499	0.0136904
0.7232	0.00912044	0.0149801	0.0136761
0.724	0.00910333	0.0149617	0.0136533
0.7248	0.0090907	0.0149455	0.0136329
0.7256	0.00907664	0.0149285	0.0136108
0.7264	0.00905436	0.0149118	0.0135893
0.7272	0.00903606	0.0148908	0.0135638
0.728	0.00902818	0.0148823	0.0135508
0.7288	0.00900432	0.0148597	0.0135235
0.7296	0.00898913	0.0148422	0.0135009
0.7304	0.0089734	0.014823	0.0134778
0.7312	0.00894928	0.0148005	0.0134506
0.732	0.00892493	0.0147792	0.0134243
0.7328	0.00891497	0.014766	0.0134066
0.7336	0.00890803	0.0147578	0.0133934
0.7344	0.0088658	0.0147211	0.0133523
0.7352	0.00886347	0.0147139	0.0133401
0.736	0.00884897	0.0146987	0.0133199
0.7368	0.0088381	0.0146839	0.0133014
0.7376	0.00881246	0.0146646	0.0132764
0.7384	0.0087907	0.0146402	0.0132477
0.7392	0.00877326	0.0146231	0.0132251
0.74	0.00875868	0.0146086	0.0132055
0.7408	0.00874448	0.014593	0.0131854
0.7416	0.00872214	0.0145701	0.0131581
0.7424	0.00871001	0.0145557	0.0131389
0.7432	0.00868791	0.0145365	0.013114
0.744	0.00867069	0.0145186	0.0130908
0.7448	0.00864935	0.0144993	0.0130662
0.7456	0.00863571	0.0144829	0.0130455
0.7464	0.00861621	0.0144653	0.0130228
0.7472	0.00860623	0.0144538	0.013007
0.748	0.00858765	0.0144384	0.0129859
0.7488	0.00857497	0.014421	0.0129632
0.7496	0.00855058	0.0143979	0.0129353
0.7504	0.00852266	0.0143705	0.0129026
0.7512	0.00850976	0.0143559	0.0128831
0.752	0.00848648	0.0143325	0.012855
0.7528	0.00847658	0.0143227	0.0128393
0.7536	0.00847993	0.0143185	0.0128303
0.7544	0.00844285	0.0142882	0.0127949
0.7552	0.00842432	0.0142676	0.0127693
0.756	0.0084153	0.0142562	0.0127524
0.7568	0.00839893	0.0142318	0.0127243
0.7576	0.00838008	0.0142208	0.0127069
0.7584	0.00835277	0.0141949	0.0126754
0.7592	0.00834352	0.0141797	0.0126553
0.76	0.00831957	0.0141565	0.0126275
0.7608	0.00831735	0.0141528	0.0126188
0.7616	0.00829721	0.01413	0.0125903
0.7624	0.00827241	0.0141044	0.0125603
0.7632	0.00827616	0.0141046	0.0125542
0.764	0.00824307	0.0140727	0.0125176
0.7648	0.00823321	0.0140579	0.0124978
0.7656	0.00821454	0.0140386	0.0124736
0.7664	0.0082005	0.0140271	0.0124552
0.7672	0.0081842	0.0140096	0.0124334
0.768	0.00816671	0.0139894	0.0124075
0.7688	0.00814925	0.0139682	0.0123818
0.7696	0.00813177	0.0139439	0.012353
0.7704	0.00811989	0.0139348	0.0123381
0.7712	0.00810102	0.0139091	0.0123065
0.772	0.00808664	0.0138988	0.0122906
0.7728	0.00806335	0.0138735	0.0122598
0.7736	0.0080445	0.0138502	0.0122315
0.7744	0.00803699	0.0138382	0.0122144
0.7752	0.00801592	0.0138154	0.012186
0.776	0.00799944	0.013794	0.0121601
0.7768	0.00798508	0.0137785	0.0121389
0.7776	0.0079715	0.0137557	0.0121114
0.7784	0.00796038	0.0137441	0.0120942
0.7792	0.00793454	0.0137216	0.0120648
0.78	0.00792802	0.0137046	0.0120436
0.7808	0.00790456	0.0136755	0.0120101
0.7816	0.00788509	0.0136533	0.0119824
0.7824	0.00787026	0.0136313	0.0119554
0.7832	0.00785768	0.0136209	0.0119387
0.784	0.00784317	0.0135946	0.0119073
0.7848	0.00781697	0.0135692	0.0118772
0.7856	0.00780763	0.0135547	0.011857
0.7864	0.00781001	0.0135453	0.0118419
0.7872	0.00777806	0.0135126	0.0118035
0.788	0.00777762	0.0135113	0.0117953
0.7888	0.00775559	0.0134779	0.0117571
0.7896	0.00773579	0.0134537	0.0117283
0.7904	0.00772887	0.0134373	0.0117061
0.7912	0.0077045	0.0134099	0.0116733
0.792	0.00770392	0.0133971	0.0116549
0.7928	0.00768296	0.0133715	0.0116244
0.7936	0.00766422	0.0133489	0.0115959
0.7944	0.00767005	0.0133362	0.0115778
0.7952	0.00764288	0.0133092	0.0115439
0.796	0.00761724	0.0132801	0.0115099
0.7968	0.00761091	0.0132601	0.0114851
0.7976	0.00760148	0.0132406	0.0114596
0.7984	0.00759471	0.0132274	0.0114398
0.7992	0.00757204	0.0132002	0.0114063
0.8	0.0075587	0.0131733	0.011375
0.8008	0.00753726	0.0131464	0.0113417
0.8016	0.00754379	0.0131376	0.0113275
0.8024	0.00751883	0.0131069	0.0112906
0.8032	0.00750998	0.0130842	0.0112633
0.804	0.00749098	0.0130599	0.011232
0.8048	0.00748387	0.0130375	0.0112041
0.8056	0.00744939	0.0130008	0.0111616
0.8064	0.00745281	0.0129833	0.0111379
0.8072	0.00743219	0.0129646	0.0111125
0.808	0.00741586	0.0129427	0.0110828
0.8088	0.00740374	0.0129156	0.0110508
0.8096	0.00738533	0.0128835	0.0110129
0.8104	0.00739144	0.012876	0.0109997
0.8112	0.00737644	0.0128443	0.0109616
0.812	0.00736037	0.0128192	0.0109293
0.8128	0.00736678	0.0128069	0.0109111
0.8136	0.00734124	0.0127711	0.0108692
0.8144	0.00731973	0.0127401	0.0108318
0.8152	0.00729599	0.0127053	0.0107908
0.816	0.00730127	0.0126921	0.0107715
0.8168	0.00728151	0.0126627	0.010735
0.8176	0.00727865	0.0126434	0.010709
0.8184	0.00727559	0.0126284	0.0106875
0.8192	0.00723239	0.0125704	0.010624
0.82	0.00724144	0.0125659	0.0106114
0.8208	0.00722298	0.0125329	0.0105722
0.8216	0.00722736	0.0125146	0.0105481
0.8224	0.00720054	0.0124738	0.0105006
0.8232	0.00720363	0.0124551	0.010475
0.824	0.00717259	0.0124255	0.010438
0.8248	0.00716672	0.0123886	0.0103959
0.8256	0.00715281	0.0123689	0.0103675
0.8264	0.00715252	0.0123474	0.0103391
0.8272	0.00713219	0.0123108	0.0102949
0.828	0.0071014	0.0122731	0.0102503
0.8288	0.00710753	0.0122575	0.0102274
0.8296	0.00711518	0.0122346	0.0101981
0.8304	0.00708267	0.0121933	0.0101493
0.8312	0.00707796	0.0121694	0.0101182
0.832	0.00708014	0.0121532	0.0100939
0.8328	0.00704385	0.0121071	0.0100406
0.8336	0.00703849	0.0120858	0.0100118
0.8344	0.00702822	0.0120474	0.00996805
0.8352	0.00700892	0.0120122	0.00992484
0.836	0.00700627	0.0119866	0.00989091
0.8368	0.00696578	0.0119424	0.00983797
0.8376	0.00698843	0.0119265	0.00981658
0.8384	0.00698754	0.011907	0.00978828
0.8392	0.00697575	0.0118706	0.00974472
0.84	0.00694322	0.0118288	0.00969508
0.8408	0.00692848	0.0117899	0.0096491
0.8416	0.00694468	0.0117835	0.00963318
0.8424	0.00691001	0.011734	0.00957639
0.8432	0.00691419	0.0117191	0.0095523
0.844	0.00690582	0.0116754	0.00950225
0.8448	0.00687832	0.0116371	0.00945592
0.8456	0.0068729	0.0116034	0.00941498
0.8464	0.00686912	0.0115797	0.00938178
0.8472	0.00683235	0.0115297	0.0093241
0.848	0.00685415	0.0115201	0.00930545
0.8488	0.00681389	0.011454	0.00923281
0.8496	0.00681439	0.0114355	0.0092048
0.8504	0.00680973	0.0114013	0.00916233
0.8512	0.00678041	0.0113678	0.00911893
0.852	0.00679872	0.0113475	0.00909086
0.8528	0.00675879	0.0112824	0.0090184
0.8536	0.00676716	0.011268	0.00899456
0.8544	0.0067667	0.0112431	0.00896063
0.8552	0.00671688	0.0111781	0.00888857
0.856	0.00673112	0.0111629	0.00886251
0.8568	0.00670649	0.0111122	0.00880405
0.8576	0.00671235	0.0110862	0.00876845
0.8584	0.00669016	0.0110491	0.00872209
0.8592	0.00666724	0.0110071	0.00867094
0.86	0.00663373	0.0109524	0.00860719
0.8608	0.00664301	0.0109234	0.00857117
0.8616	0.00663122	0.0108857	0.00852285
0.8624	0.00662893	0.0108598	0.008486
0.8632	0.00660652	0.0108047	0.00842536
0.864	0.00660199	0.0107776	0.00838685
0.8648	0.00658276	0.0107386	0.00833774
0.8656	0.00657429	0.0106943	0.00828567
0.8664	0.00655702	0.0106511	0.0082329
0.8672	0.00653038	0.0106009	0.00817341
0.868	0.0065471	0.0105863	0.00814753
0.8688	0.00652391	0.0105328	0.00808514
0.8696	0.006506	0.0104858	0.00802995
0.8704	0.00649121	0.0104427	0.00797651
0.8712	0.00647017	0.010405	0.00792607
0.872	0.00646063	0.010357	0.00787022
0.8728	0.00643097	0.0103032	0.00780807
0.8736	0.00641358	0.0102667	0.00776054
0.8744	0.00643905	0.0102339	0.00771861
0.8752	0.00642457	0.0102015	0.00767436
0.876	0.00641476	0.010152	0.00761633
0.8768	0.00639694	0.010101	0.00755704
0.8776	0.00638247	0.0100701	0.00751158
0.8784	0.00635279	0.0100047	0.00743924
0.8792	0.00633478	0.00997102	0.00739253
0.88	0.00632292	0.00992011	0.00733061
0.8808	0.00628727	0.00985889	0.0072619
0.8816	0.00630675	0.00983079	0.0072226
0.8824	0.00628762	0.00978705	0.00716682
0.8832	0.00626678	0.00973346	0.00710311
0.884	0.00626255	0.00969459	0.00705408
0.8848	0.00625589	0.00963371	0.00698739
0.8856	0.00623215	0.00959009	0.00693021
0.8864	0.00620709	0.00952695	0.00685773
0.8872	0.00620283	0.00948797	0.00680814
0.888	0.00620534	0.00945605	0.00676279
0.8888	0.00615694	0.00936854	0.00666933
0.8896	0.00615197	0.0093331	0.00662141
0.8904	0.00614054	0.00928552	0.0065631
0.8912	0.00609912	0.00921424	0.00648198
0.892	0.00610011	0.00918154	0.00643717
0.8928	0.00609634	0.00912056	0.00636773
0.8936	0.00606976	0.00907214	0.0063068
0.8944	0.00607986	0.00902508	0.00625123
0.8952	0.00604781	0.00896107	0.00617677
0.896	0.00602751	0.00890525	0.00611088
0.8968	0.00605428	0.00887053	0.0060641
0.8976	0.0059862	0.00879698	0.00597653
0.8984	0.00599802	0.00876049	0.00593047
0.8992	0.00596828	0.00869856	0.00585756
0.9	0.00598158	0.00864814	0.0057993
0.9008	0.00597442	0.00859752	0.00573634
0.9016	0.00597177	0.00855281	0.00568096
0.9024	0.00594281	0.00847906	0.00559927
0.9032	0.00590779	0.00839665	0.00551053
0.904	0.0059101	0.00835649	0.00545665
0.9048	0.00590231	0.00830605	0.00539414
0.9056	0.00586535	0.00823167	0.00531178
0.9064	0.00584834	0.00817504	0.00524411
0.9072	0.00586987	0.00811458	0.00517717
0.908	0.00583356	0.00806534	0.0051133
0.9088	0.00582408	0.00799109	0.00503516
0.9096	0.00580218	0.00792238	0.0049559
0.9104	0.00579193	0.00786497	0.00488994
0.9112	0.0057882	0.00779592	0.00481567
0.912	0.00579734	0.00775938	0.00476615
0.9128	0.00579921	0.0076952	0.00469164
0.9136	0.00576629	0.00761292	0.00460334
0.9144	0.00575802	0.00755524	0.00453401
0.9152	0.00570416	0.00747438	0.00444681
0.916	0.0056836	0.00738688	0.00435776
0.9168	0.00572954	0.00733833	0.00430254
0.9176	0.00569363	0.00726809	0.00422476
0.9184	0.00565927	0.00720162	0.00414762
0.9192	0.00566512	0.00711801	0.00406166
0.92	0.00563706	0.00704801	0.0039865
0.9208	0.00565027	0.00696601	0.00390638
0.9216	0.00561786	0.00690123	0.00383184
0.9224	0.00561083	0.00684913	0.00376869
0.9232	0.00560974	0.00677772	0.00369587
0.924	0.00561411	0.00669694	0.00361533
0.9248	0.00559891	0.00661039	0.00352845
0.9256	0.00561232	0.00653493	0.0034562
0.9264	0.00561372	0.00646886	0.00338855
0.9272	0.00559871	0.00639046	0.00330531
0.928	0.00560708	0.00632078	0.00323756
0.9288	0.00558694	0.00623634	0.0031558
0.9296	0.00555492	0.00614952	0.00306603
0.9304	0.00556022	0.00607121	0.00299686
0.9312	0.00557563	0.00601538	0.00293366
0.932	0.00558434	0.00591827	0.00284834
0.9328	0.00554947	0.00583954	0.00277439
0.9336	0.00561374	0.00576082	0.00270642
0.9344	0.00556088	0.0056907	0.00263548
0.9352	0.00557093	0.00559356	0.00254899
0.936	0.00555244	0.00549923	0.00246784
0.9368	0.00563447	0.00543572	0.00241365
0.9376	0.00559147	0.00535784	0.00234353
0.9384	0.0055342	0.00524247	0.00224978
0.9392	0.00559628	0.00515821	0.00217919
0.94	0.00563582	0.00507014	0.00211592
0.9408	0.00560254	0.00499053	0.00204497
0.9416	0.00561092	0.00489113	0.00196872
0.9424	0.00560585	0.00479053	0.00189104
0.9432	0.0056223	0.00469737	0.00182883
0.944	0.00563508	0.00461207	0.00176437
0.9448	0.00568779	0.00454116	0.00171058
0.9456	0.00566479	0.00443688	0.00163784
0.9464	0.00571785	0.00436421	0.00158892
0.9472	0.00568255	0.00425578	0.00151526
0.948	0.00568579	0.00417503	0.00146057
0.9488	0.00573792	0.00407254	0.00139593
0.9496	0.00577268	0.00397508	0.00133851
0.9504	0.00576311	0.00387663	0.0012771
0.9512	0.00584821	0.0037802	0.00122339
0.952	0.00587427	0.00367908	0.00116794
0.9528	0.00591656	0.00359054	0.00111779
0.9536	0.00589618	0.00348034	0.00106273
0.9544	0.00595641	0.00339873	0.00101992
0.9552	0.00602084	0.00331097	0.000969471
0.956	0.00611339	0.0032386	0.000938911
0.9568	0.00614846	0.00311899	0.0008851
0.9576	0.0061359	0.00303863	0.000849209
0.9584	0.00621349	0.00293789	0.000789589
0.9592	0.00628805	0.00283495	0.000753163
0.96	0.00632995	0.00275121	0.000724433
0.9608	0.00644685	0.00264447	0.000681161
0.9616	0.00648914	0.00257817	0.000663073
0.9624	0.00655443	0.00248871	0.000630662
0.9632	0.0067081	0.00239522	0.000596925
0.964	0.00680538	0.0023099	0.000571968
0.9648	0.00686891	0.00224136	0.000553347
0.9656	0.00696763	0.0021507	0.000517547
0.9664	0.00706711	0.00205844	0.000493125
0.9672	0.00717416	0.00197118	0.000465815
0.968	0.00731595	0.00191173	0.000448648
0.9688	0.00747142	0.00182413	0.000429216
0.9696	0.00762708	0.00175786	0.000416856
0.9704	0.00776918	0.00167839	0.000389954
0.9712	0.00792186	0.0016012	0.000379519
0.972	0.00798063	0.0015479	0.000354085
0.9728	0.0083171	0.0014665	0.000346897
0.9736	0.00845455	0.00139941	0.00033085
0.9744	0.00887767	0.00136972	0.000343483
0.9752	0.00897681	0.00128304	0.000307116
0.976	0.00924709	0.00123908	0.000306588
0.9768	0.00966127	0.00118769	0.000308221
0.9776	0.0100189	0.0011306	0.00031045
0.9784	0.0104328	0.00109532	0.000303072
0.9792	0.0108404	0.00105889	0.000303346
0.98	0.011221	0.000975333	0.000285054
0.9808	0.0118675	0.000975671	0.000303184
0.9816	0.0124635	0.000949013	0.000317917
0.9824	0.0133648	0.000910591	0.000329276
0.9832	0.0138515	0.000866095	0.000294245
0.984	0.0145623	0.000827513	0.000294293
0.9848	0.0157667	0.000815488	0.000294715
0.9856	0.0168136	0.000787827	0.000303536
0.9864	0.017932	0.00076006	0.00031202
0.9872	0.0194413	0.0007825	0.000347006
0.988	0.0219589	0.000798526	0.00040215
0.9888	0.0234679	0.000765144	0.00036903
0.9896	0.0265644	0.000780208	0.000434249
0.9904	0.0300532	0.000799192	0.000452195
0.9912	0.0343342	0.00079283	0.000447338
0.992	0.0397759	0.000880512	0.000561132
0.9928	0.0477295	0.00105153	0.000738445
0.9936	0.0578005	0.00102923	0.000735119
0.9944	0.0720627	0.00126972	0.000982508
0.9952	0.0924836	0.00146612	0.00119277
0.996	0.126359	0.00178374	0.00146314
0.9968	0.191098	0.0025252	0.00222385
0.9976	0.327936	0.00390342	0.00361972
0.9984	0.718159	0.00869574	0.00886587
