L	opf	cc	jcc
0	0.0319703	0.0403595	0.0349851
0.001	0.0318975	0.0402946	0.0349133
0.002	0.0318255	0.0402295	0.0348447
0.003	0.0317662	0.0401756	0.0347876
0.004	0.0317005	0.0401095	0.0347206
0.005	0.0316326	0.0400466	0.0346552
0.006	0.0315669	0.0399902	0.0345906
0.007	0.031494	0.0399194	0.034516
0.008	0.0314317	0.0398646	0.03446
0.009	0.0313613	0.0398006	0.0343897
0.01	0.0312987	0.0397392	0.0343263
0.011	0.0312249	0.0396734	0.0342577
0.012	0.0311654	0.0396195	0.0341977
0.013	0.0311038	0.0395633	0.0341362
0.014	0.0310287	0.0394982	0.0340666
0.015	0.0309609	0.0394303	0.0339988
0.016	0.0309044	0.0393794	0.0339423
0.017	0.0308302	0.0393107	0.0338686
0.018	0.0307709	0.0392544	0.0338093
0.019	0.0307111	0.0392008	0.0337548
0.02	0.0306338	0.039134	0.0336815
0.021	0.0305785	0.0390807	0.0336237
0.022	0.0305141	0.0390207	0.0335616
0.023	0.0304457	0.0389566	0.0334932
0.024	0.030381	0.0389006	0.0334328
0.025	0.0303146	0.0388397	0.0333676
0.026	0.0302446	0.0387782	0.0332987
0.027	0.030181	0.0387175	0.0332354
0.028	0.0301228	0.0386599	0.0331774
0.029	0.0300537	0.0385971	0.0331093
0.03	0.0299849	0.0385368	0.0330427
0.031	0.0299191	0.0384762	0.0329805
0.032	0.0298537	0.0384141	0.0329123
0.033	0.0297915	0.0383582	0.0328531
0.034	0.0297306	0.0383072	0.0327979
0.035	0.029668	0.038249	0.0327336
0.036	0.0296072	0.038193	0.032675
0.037	0.0295374	0.0381277	0.0326057
0.038	0.0294821	0.038075	0.0325494
0.039	0.0294114	0.0380089	0.0324806
0.04	0.0293485	0.0379549	0.0324206
0.041	0.0292918	0.0379037	0.0323643
0.042	0.0292246	0.037837	0.0322952
0.043	0.029159	0.0377763	0.0322312
0.044	0.0290848	0.0377086	0.0321608
0.045	0.0290303	0.0376587	0.0321063
0.046	0.0289647	0.0375977	0.0320422
0.047	0.0289077	0.0375467	0.0319864
0.048	0.0288378	0.0374816	0.0319166
0.049	0.0287871	0.0374364	0.0318691
0.05	0.0287121	0.0373692	0.031796
0.051	0.0286612	0.0373242	0.0317467
0.052	0.0285872	0.0372499	0.0316729
0.053	0.028524	0.0371917	0.031609
0.054	0.0284624	0.0371378	0.0315488
0.055	0.0284023	0.0370801	0.0314891
0.056	0.0283468	0.0370299	0.0314353
0.057	0.0282787	0.0369675	0.0313687
0.058	0.0282152	0.0369057	0.031305
0.059	0.0281558	0.0368554	0.0312505
0.06	0.0281008	0.0368072	0.0311957
0.061	0.0280266	0.0367385	0.0311212
0.062	0.0279722	0.0366858	0.0310692
0.063	0.0279214	0.0366377	0.0310147
0.064	0.0278568	0.0365751	0.030952
0.065	0.0277914	0.0365196	0.0308883
0.066	0.0277349	0.0364658	0.0308326
0.067	0.0276709	0.0364048	0.0307722
0.068	0.0276061	0.0363472	0.0307064
0.069	0.0275488	0.0362932	0.0306494
0.07	0.0274889	0.0362395	0.0305928
0.071	0.0274369	0.0361881	0.0305379
0.072	0.0273637	0.0361228	0.0304694
0.073	0.0273147	0.0360754	0.0304189
0.074	0.0272407	0.036009	0.0303459
0.075	0.0271863	0.0359534	0.0302928
0.076	0.0271366	0.0359093	0.0302432
0.077	0.0270635	0.035838	0.0301696
0.078	0.027014	0.0357969	0.030123
0.079	0.0269457	0.0357348	0.0300573
0.08	0.0268873	0.0356777	0.0299982
0.081	0.0268389	0.0356331	0.0299481
0.082	0.0267706	0.0355672	0.0298812
0.083	0.026716	0.0355172	0.0298271
0.084	0.0266628	0.035468	0.0297746
0.085	0.0266093	0.0354224	0.0297229
0.086	0.0265514	0.0353686	0.0296654
0.087	0.0264845	0.0352963	0.0295934
0.088	0.0264377	0.0352608	0.0295515
0.089	0.0263795	0.0352081	0.0294943
0.09	0.0263117	0.0351371	0.0294233
0.091	0.0262593	0.0350919	0.0293722
0.092	0.0262016	0.0350382	0.0293168
0.093	0.0261486	0.0349934	0.0292666
0.094	0.026091	0.0349332	0.0292039
0.095	0.0260323	0.0348805	0.0291477
0.096	0.0259705	0.034819	0.0290864
0.097	0.0259202	0.034775	0.0290357
0.098	0.025865	0.0347228	0.028983
0.099	0.025806	0.0346693	0.0289235
0.1	0.0257499	0.0346165	0.0288675
0.101	0.0257013	0.0345727	0.028819
0.102	0.0256421	0.0345163	0.0287607
0.103	0.0255837	0.0344624	0.0287024
0.104	0.0255377	0.0344173	0.0286557
0.105	0.0254736	0.0343524	0.0285901
0.106	0.025417	0.0343025	0.028538
0.107	0.0253649	0.0342535	0.0284831
0.108	0.0253073	0.0342022	0.0284276
0.109	0.0252572	0.0341487	0.0283704
0.11	0.0251982	0.0340965	0.0283172
0.111	0.0251463	0.0340479	0.0282657
0.112	0.025095	0.0339996	0.0282132
0.113	0.0250456	0.0339525	0.0281633
0.114	0.0249914	0.0339013	0.0281084
0.115	0.0249314	0.0338431	0.0280508
0.116	0.0248804	0.033794	0.0279966
0.117	0.0248358	0.0337551	0.0279537
0.118	0.0247802	0.033698	0.0278971
0.119	0.0247236	0.0336464	0.0278416
0.12	0.0246781	0.0336009	0.0277918
0.121	0.0246314	0.033556	0.0277421
0.122	0.0245689	0.0335	0.0276854
0.123	0.0245258	0.0334559	0.0276394
0.124	0.0244612	0.0333962	0.0275761
0.125	0.0244166	0.0333522	0.0275268
0.126	0.02435	0.0332843	0.0274607
0.127	0.0243019	0.0332385	0.0274121
0.128	0.0242562	0.0331951	0.0273675
0.129	0.0242001	0.0331397	0.0273058
0.13	0.0241658	0.0331065	0.0272694
0.131	0.0241003	0.0330435	0.0272061
0.132	0.0240535	0.0329963	0.027155
0.133	0.0240104	0.0329596	0.0271132
0.134	0.0239596	0.0329048	0.0270594
0.135	0.0239113	0.0328625	0.0270133
0.136	0.0238647	0.0328137	0.0269629
0.137	0.0238088	0.0327586	0.0269054
0.138	0.023759	0.0327112	0.0268534
0.139	0.0237142	0.0326684	0.0268082
0.14	0.02366	0.0326162	0.0267523
0.141	0.0236199	0.0325721	0.0267062
0.142	0.0235666	0.0325206	0.0266512
0.143	0.0235171	0.0324739	0.0266022
0.144	0.023466	0.0324168	0.0265433
0.145	0.0234231	0.0323829	0.026503
0.146	0.023362	0.0323201	0.0264401
0.147	0.0233245	0.0322829	0.0263983
0.148	0.0232755	0.0322319	0.0263461
0.149	0.0232311	0.0321865	0.0262986
0.15	0.0231901	0.0321459	0.026253
0.151	0.0231469	0.032102	0.026206
0.152	0.0230891	0.0320421	0.0261494
0.153	0.0230372	0.0319914	0.0260905
0.154	0.0229965	0.0319495	0.0260449
0.155	0.0229435	0.0319019	0.0259904
0.156	0.0229072	0.0318615	0.0259518
0.157	0.0228621	0.0318195	0.0259049
0.158	0.0228154	0.0317664	0.0258479
0.159	0.0227788	0.0317282	0.0258071
0.16	0.0227254	0.0316784	0.0257538
0.161	0.0226855	0.0316359	0.0257097
0.162	0.0226467	0.0315947	0.0256615
0.163	0.0225922	0.031534	0.0256009
0.164	0.0225416	0.0314857	0.0255478
0.165	0.0225079	0.0314519	0.0255105
0.166	0.0224673	0.0314122	0.0254656
0.167	0.0224154	0.0313571	0.0254096
0.168	0.0223719	0.0313143	0.0253592
0.169	0.0223396	0.0312749	0.0253175
0.17	0.0222872	0.031221	0.025264
0.171	0.0222425	0.0311755	0.0252129
0.172	0.0222076	0.0311427	0.0251744
0.173	0.0221644	0.0310902	0.0251199
0.174	0.0221114	0.0310345	0.0250631
0.175	0.0220746	0.0309982	0.0250188
0.176	0.0220393	0.0309622	0.0249792
0.177	0.0219848	0.0309033	0.0249181
0.178	0.021952	0.0308649	0.0248767
0.179	0.0219139	0.0308308	0.0248353
0.18	0.0218659	0.0307754	0.0247778
0.181	0.0218211	0.030732	0.0247284
0.182	0.0217772	0.0306877	0.0246802
0.183	0.0217459	0.0306509	0.0246391
0.184	0.0216948	0.0305981	0.024583
0.185	0.0216576	0.0305516	0.0245321
0.186	0.0216362	0.0305293	0.0245046
0.187	0.0215884	0.03048	0.0244516
0.188	0.0215502	0.0304361	0.0244046
0.189	0.0215128	0.0303946	0.0243564
0.19	0.0214732	0.0303491	0.0243085
0.191	0.0214239	0.0302989	0.024253
0.192	0.0213837	0.0302598	0.0242071
0.193	0.0213505	0.0302166	0.0241626
0.194	0.0213097	0.0301725	0.0241133
0.195	0.0212751	0.0301334	0.0240726
0.196	0.0212253	0.030076	0.0240136
0.197	0.0211973	0.0300484	0.0239771
0.198	0.0211527	0.0300002	0.0239226
0.199	0.0211286	0.0299711	0.023888
0.2	0.0210869	0.0299239	0.0238373
0.201	0.0210465	0.0298783	0.023791
0.202	0.0210096	0.0298394	0.0237449
0.203	0.0209696	0.0297975	0.0236968
0.204	0.0209366	0.0297579	0.0236536
0.205	0.0208947	0.0297122	0.0236012
0.206	0.0208568	0.0296681	0.023556
0.207	0.0208156	0.0296204	0.0235014
0.208	0.0207836	0.0295873	0.0234644
0.209	0.0207505	0.0295494	0.0234197
0.21	0.0207235	0.0295137	0.0233801
0.211	0.0206774	0.0294567	0.0233229
0.212	0.0206444	0.0294303	0.0232834
0.213	0.0206117	0.029391	0.0232418
0.214	0.020582	0.0293531	0.0231981
0.215	0.0205381	0.0293062	0.0231466
0.216	0.0205046	0.0292687	0.0231023
0.217	0.0204721	0.0292189	0.0230532
0.218	0.0204342	0.0291861	0.0230124
0.219	0.0203968	0.0291412	0.0229634
0.22	0.0203656	0.0290999	0.022918
0.221	0.0203318	0.0290666	0.022877
0.222	0.0202999	0.0290238	0.0228319
0.223	0.0202618	0.0289867	0.0227845
0.224	0.0202182	0.0289317	0.0227274
0.225	0.0201937	0.0289049	0.0226942
0.226	0.0201716	0.0288736	0.0226584
0.227	0.0201289	0.0288304	0.0226095
0.228	0.020098	0.0287841	0.022564
0.229	0.0200617	0.0287434	0.0225125
0.23	0.0200281	0.0287036	0.0224661
0.231	0.0199973	0.0286708	0.0224277
0.232	0.0199693	0.0286379	0.0223881
0.233	0.0199337	0.0285938	0.0223388
0.234	0.0199029	0.0285633	0.0223006
0.235	0.0198615	0.0285164	0.0222481
0.236	0.0198389	0.0284839	0.0222104
0.237	0.0197949	0.0284357	0.0221577
0.238	0.0197651	0.0283982	0.0221136
0.239	0.0197426	0.0283696	0.0220782
0.24	0.01971	0.0283278	0.022034
0.241	0.0196761	0.0282922	0.0219892
0.242	0.0196516	0.0282622	0.0219496
0.243	0.0196168	0.028222	0.0219023
0.244	0.0195821	0.0281784	0.0218558
0.245	0.0195546	0.0281406	0.0218128
0.246	0.0195186	0.0281006	0.0217687
0.247	0.0194839	0.0280609	0.0217206
0.248	0.0194503	0.028019	0.0216739
0.249	0.0194104	0.0279771	0.0216228
0.25	0.0193872	0.0279481	0.0215865
0.251	0.0193678	0.0279232	0.0215555
0.252	0.0193415	0.0278862	0.0215152
0.253	0.019314	0.0278532	0.0214702
0.254	0.0192825	0.0278169	0.0214307
0.255	0.0192479	0.0277712	0.021377
0.256	0.0192132	0.0277348	0.021332
0.257	0.019184	0.0276991	0.0212889
0.258	0.0191595	0.0276673	0.0212497
0.259	0.019121	0.0276255	0.0212008
0.26	0.019093	0.0275863	0.0211564
0.261	0.0190641	0.027553	0.0211154
0.262	0.0190252	0.0275091	0.0210649
0.263	0.0190126	0.0274898	0.0210357
0.264	0.0189755	0.0274477	0.0209897
0.265	0.0189497	0.0274145	0.0209456
0.266	0.0189193	0.0273788	0.0209046
0.267	0.018894	0.0273476	0.0208641
0.268	0.0188707	0.0273144	0.0208228
0.269	0.0188357	0.027275	0.0207807
0.27	0.0188192	0.027251	0.0207445
0.271	0.0187836	0.0272116	0.0207008
0.272	0.0187534	0.0271732	0.020653
0.273	0.0187245	0.0271311	0.0206097
0.274	0.0186964	0.0270999	0.0205697
0.275	0.0186767	0.0270754	0.0205332
0.276	0.0186371	0.0270259	0.0204807
0.277	0.0186183	0.0269991	0.0204437
0.278	0.0185911	0.0269649	0.0204016
0.279	0.0185565	0.0269241	0.0203532
0.28	0.01853	0.0268969	0.0203184
0.281	0.0185011	0.0268571	0.0202731
0.282	0.0184668	0.0268134	0.0202259
0.283	0.0184502	0.0267933	0.0201929
0.284	0.0184162	0.0267527	0.0201423
0.285	0.0183959	0.0267227	0.020109
0.286	0.0183657	0.0266861	0.0200628
0.287	0.0183406	0.026656	0.020024
0.288	0.0183179	0.0266258	0.0199868
0.289	0.0182875	0.0265835	0.019939
0.29	0.0182633	0.0265558	0.0199033
0.291	0.0182407	0.0265265	0.019864
0.292	0.0182053	0.0264874	0.019817
0.293	0.0181904	0.0264604	0.0197851
0.294	0.0181648	0.0264246	0.019742
0.295	0.0181356	0.0263931	0.0196989
0.296	0.0181082	0.0263511	0.0196583
0.297	0.0180775	0.0263125	0.0196098
0.298	0.0180545	0.0262883	0.0195734
0.299	0.0180289	0.0262498	0.0195319
0.3	0.0180101	0.0262226	0.0194966
0.301	0.0179749	0.0261877	0.0194495
0.302	0.0179462	0.0261525	0.0194096
0.303	0.0179296	0.0261234	0.019371
0.304	0.0179152	0.0260977	0.019342
0.305	0.0178882	0.0260689	0.0193024
0.306	0.0178566	0.0260269	0.0192569
0.307	0.017834	0.0259981	0.019217
0.308	0.0178029	0.0259585	0.0191697
0.309	0.017784	0.0259333	0.0191382
0.31	0.0177516	0.0258907	0.0190904
0.311	0.0177399	0.0258729	0.0190624
0.312	0.0177024	0.025829	0.0190109
0.313	0.0176814	0.0258001	0.0189737
0.314	0.0176497	0.0257634	0.0189292
0.315	0.0176254	0.0257294	0.0188885
0.316	0.0176032	0.0257019	0.0188512
0.317	0.0175715	0.0256601	0.0188053
0.318	0.0175505	0.0256319	0.018767
0.319	0.0175261	0.0256029	0.0187302
0.32	0.0175093	0.0255772	0.018695
0.321	0.0174848	0.0255457	0.0186565
0.322	0.0174606	0.0255096	0.0186189
0.323	0.0174415	0.0254847	0.018581
0.324	0.0174176	0.0254581	0.0185479
0.325	0.0173797	0.025407	0.0184909
0.326	0.0173549	0.025376	0.0184523
0.327	0.0173445	0.025361	0.0184278
0.328	0.0173119	0.0253197	0.0183818
0.329	0.0172863	0.025281	0.0183371
0.33	0.0172585	0.0252498	0.0182967
0.331	0.0172468	0.0252314	0.0182685
0.332	0.0172044	0.0251823	0.0182128
0.333	0.0171887	0.0251607	0.0181843
0.334	0.017162	0.0251268	0.0181428
0.335	0.0171458	0.0250998	0.0181088
0.336	0.0171162	0.0250624	0.0180647
0.337	0.0170877	0.0250308	0.0180232
0.338	0.0170681	0.0250009	0.017986
0.339	0.0170335	0.0249601	0.0179386
0.34	0.0170147	0.0249369	0.0179067
0.341	0.0169943	0.0249044	0.0178679
0.342	0.0169724	0.0248794	0.0178373
0.343	0.0169548	0.0248497	0.0178005
0.344	0.0169145	0.024807	0.0177485
0.345	0.0169065	0.0247883	0.0177238
0.346	0.016867	0.0247465	0.0176731
0.347	0.0168393	0.0247121	0.0176303
0.348	0.0168193	0.0246866	0.0175973
0.349	0.0167877	0.0246458	0.0175519
0.35	0.0167656	0.0246233	0.0175218
0.351	0.0167563	0.0246013	0.0174912
0.352	0.0167257	0.0245654	0.0174452
0.353	0.0167011	0.0245351	0.0174086
0.354	0.0166923	0.0245141	0.0173842
0.355	0.0166503	0.0244706	0.0173308
0.356	0.0166294	0.0244401	0.0172947
0.357	0.0165995	0.0244002	0.0172513
0.358	0.0165759	0.024375	0.0172129
0.359	0.0165575	0.0243471	0.0171809
0.36	0.0165304	0.0243167	0.0171416
0.361	0.0165039	0.0242808	0.017101
0.362	0.0164756	0.0242453	0.0170596
0.363	0.0164531	0.0242167	0.0170256
0.364	0.0164325	0.0241865	0.0169933
0.365	0.0164078	0.0241598	0.0169542
0.366	0.0163887	0.0241333	0.0169213
0.367	0.0163594	0.0240977	0.0168803
0.368	0.0163241	0.0240566	0.016833
0.369	0.0163078	0.0240324	0.016802
0.37	0.0162931	0.0240052	0.0167723
0.371	0.016263	0.0239758	0.0167287
0.372	0.016243	0.0239445	0.0166973
0.373	0.0162206	0.0239133	0.0166569
0.374	0.0161934	0.0238846	0.0166228
0.375	0.0161611	0.0238394	0.0165764
0.376	0.0161455	0.0238233	0.016548
0.377	0.0161182	0.0237892	0.0165103
0.378	0.0160999	0.0237602	0.0164759
0.379	0.0160656	0.0237229	0.0164282
0.38	0.0160459	0.023692	0.0163973
0.381	0.0160243	0.0236648	0.016363
0.382	0.0159931	0.0236278	0.0163195
0.383	0.0159845	0.0236171	0.016299
0.384	0.0159486	0.023568	0.0162478
0.385	0.0159249	0.0235421	0.0162139
0.386	0.015888	0.0234935	0.0161618
0.387	0.0158781	0.0234849	0.0161408
0.388	0.015859	0.0234563	0.0161089
0.389	0.0158309	0.0234224	0.0160697
0.39	0.0158106	0.0233905	0.0160347
0.391	0.0157883	0.0233646	0.0160023
0.392	0.0157664	0.0233314	0.0159617
0.393	0.0157499	0.0233129	0.0159371
0.394	0.0157016	0.0232575	0.0158788
0.395	0.0156887	0.023235	0.0158511
0.396	0.0156765	0.023217	0.0158245
0.397	0.0156459	0.0231787	0.0157795
0.398	0.015625	0.023152	0.0157491
0.399	0.0155961	0.0231196	0.0157063
0.4	0.015567	0.0230859	0.015665
0.401	0.0155412	0.023045	0.0156264
0.402	0.015532	0.0230295	0.0156017
0.403	0.015502	0.0229966	0.0155615
0.404	0.0154718	0.0229564	0.0155204
0.405	0.0154661	0.0229441	0.0154995
0.406	0.015433	0.0229055	0.0154531
0.407	0.0154061	0.0228685	0.0154129
0.408	0.0153973	0.0228521	0.0153878
0.409	0.0153571	0.0228095	0.0153397
0.41	0.0153402	0.0227806	0.0153065
0.411	0.0153144	0.0227494	0.0152662
0.412	0.0152884	0.0227172	0.0152288
0.413	0.0152786	0.0227031	0.0152057
0.414	0.0152463	0.022664	0.0151604
0.415	0.0152291	0.0226433	0.0151356
0.416	0.0151964	0.0225934	0.0150856
0.417	0.0151816	0.0225779	0.0150583
0.418	0.0151493	0.0225355	0.0150112
0.419	0.0151493	0.0225283	0.0149955
0.42	0.0151189	0.0224898	0.0149553
0.421	0.0150983	0.0224646	0.0149236
0.422	0.0150753	0.0224339	0.0148887
0.423	0.0150415	0.0223954	0.0148408
0.424	0.0150177	0.0223651	0.0148041
0.425	0.0149872	0.0223256	0.0147633
0.426	0.0149771	0.0223108	0.01474
0.427	0.0149546	0.0222805	0.0147004
0.428	0.0149247	0.0222387	0.0146641
0.429	0.0149091	0.0222267	0.0146341
0.43	0.0148875	0.0221918	0.0145971
0.431	0.0148745	0.0221706	0.0145692
0.432	0.0148501	0.0221424	0.0145343
0.433	0.0148232	0.0221037	0.0144914
0.434	0.0147828	0.0220638	0.0144496
0.435	0.0147722	0.0220458	0.0144233
0.436	0.0147591	0.0220239	0.0143887
0.437	0.0147207	0.0219807	0.0143438
0.438	0.0147152	0.0219669	0.0143265
0.439	0.0146944	0.0219382	0.014291
0.44	0.0146539	0.0218947	0.0142406
0.441	0.0146298	0.0218671	0.0142028
0.442	0.0146125	0.0218421	0.014173
0.443	0.0145937	0.0218115	0.0141396
0.444	0.0145693	0.02178	0.0141001
0.445	0.0145374	0.0217436	0.0140629
0.446	0.0145124	0.021714	0.0140264
0.447	0.0145056	0.021696	0.0140066
0.448	0.0144828	0.0216696	0.0139738
0.449	0.0144598	0.0216378	0.0139348
0.45	0.0144319	0.0216048	0.0138907
0.451	0.0144136	0.0215807	0.013863
0.452	0.0144006	0.0215648	0.0138379
0.453	0.0143908	0.0215403	0.0138119
0.454	0.0143489	0.0214957	0.0137629
0.455	0.0143183	0.021461	0.013719
0.456	0.0143036	0.0214382	0.0136935
0.457	0.0143053	0.0214297	0.0136746
0.458	0.0142695	0.0213909	0.0136275
0.459	0.0142424	0.0213568	0.0135893
0.46	0.0142162	0.0213184	0.013551
0.461	0.0142058	0.0213033	0.013531
0.462	0.0141942	0.0212846	0.0135014
0.463	0.0141672	0.0212516	0.0134649
0.464	0.0141392	0.0212215	0.013428
0.465	0.0141135	0.0211877	0.0133869
0.466	0.0140947	0.0211619	0.0133583
0.467	0.0140808	0.0211438	0.013333
0.468	0.0140397	0.0210937	0.0132796
0.469	0.0140243	0.0210773	0.013252
0.47	0.0140101	0.0210556	0.0132254
0.471	0.0139839	0.0210236	0.0131843
0.472	0.0139643	0.0209954	0.0131591
0.473	0.0139467	0.0209664	0.0131224
0.474	0.0139394	0.0209511	0.0130989
0.475	0.0139019	0.0209167	0.0130543
0.476	0.0138931	0.0208983	0.0130338
0.477	0.0138538	0.0208557	0.0129865
0.478	0.0138437	0.0208358	0.0129595
0.479	0.0138195	0.0208047	0.0129247
0.48	0.0137974	0.0207739	0.0128889
0.481	0.0137905	0.0207552	0.0128666
0.482	0.0137628	0.020731	0.0128277
0.483	0.0137554	0.0207138	0.0128065
0.484	0.013732	0.0206866	0.0127747
0.485	0.0137006	0.0206495	0.0127338
0.486	0.0136827	0.0206176	0.0126998
0.487	0.013667	0.020602	0.0126704
0.488	0.0136462	0.0205719	0.0126414
0.489	0.013626	0.0205438	0.0126068
0.49	0.0136039	0.020522	0.0125699
0.491	0.0135924	0.0205058	0.0125523
0.492	0.0135624	0.0204667	0.0125055
0.493	0.0135357	0.0204357	0.0124688
0.494	0.0135218	0.0204153	0.0124429
0.495	0.0135077	0.020395	0.0124187
0.496	0.0134855	0.0203667	0.012382
0.497	0.0134725	0.0203495	0.0123559
0.498	0.0134474	0.020318	0.0123241
0.499	0.0134053	0.0202703	0.0122728
0.5	0.0134106	0.0202702	0.0122607
0.501	0.0133789	0.0202341	0.0122217
0.502	0.013361	0.0202132	0.0121908
0.503	0.01334	0.0201856	0.012156
0.504	0.0133347	0.0201728	0.012144
0.505	0.0133132	0.02015	0.0121069
0.506	0.0132908	0.0201229	0.0120764
0.507	0.0132641	0.0200802	0.0120347
0.508	0.0132601	0.0200722	0.0120185
0.509	0.0132371	0.0200464	0.0119845
0.51	0.013192	0.0200017	0.0119279
0.511	0.0131811	0.0199848	0.0119085
0.512	0.0131748	0.0199695	0.0118862
0.513	0.0131476	0.019939	0.0118511
0.514	0.0131318	0.0199223	0.0118227
0.515	0.0131253	0.0199061	0.011803
0.516	0.0130893	0.0198664	0.0117549
0.517	0.0130717	0.0198473	0.0117247
0.518	0.0130449	0.0198137	0.0116864
0.519	0.0130357	0.0198028	0.0116699
0.52	0.0130242	0.0197788	0.0116373
0.521	0.0129798	0.0197337	0.0115869
0.522	0.0129814	0.019726	0.0115769
0.523	0.0129529	0.019696	0.0115369
0.524	0.012943	0.0196836	0.0115162
0.525	0.0129201	0.0196523	0.0114779
0.526	0.0128914	0.0196199	0.0114414
0.527	0.0128718	0.0195971	0.0114095
0.528	0.0128468	0.0195636	0.0113708
0.529	0.0128576	0.0195734	0.0113685
0.53	0.0128268	0.0195305	0.0113219
0.531	0.0128125	0.0195134	0.0112964
0.532	0.0127899	0.0194917	0.0112594
0.533	0.012775	0.0194688	0.0112324
0.534	0.0127598	0.0194494	0.0112087
0.535	0.012727	0.0194115	0.011162
0.536	0.0127275	0.0194054	0.0111476
0.537	0.0126843	0.0193617	0.0111008
0.538	0.012662	0.0193383	0.0110705
0.539	0.0126582	0.0193202	0.0110482
0.54	0.0126386	0.0193001	0.0110141
0.541	0.0126108	0.0192642	0.0109719
0.542	0.0125889	0.0192396	0.0109378
0.543	0.0125747	0.0192256	0.0109149
0.544	0.0125541	0.0191952	0.010885
0.545	0.0125425	0.0191736	0.0108528
0.546	0.0125327	0.0191662	0.0108307
0.547	0.012508	0.0191325	0.0107978
0.548	0.0124858	0.0191048	0.0107637
0.549	0.0124758	0.0190919	0.0107417
0.55	0.0124574	0.0190662	0.0107038
0.551	0.0124281	0.0190327	0.0106603
0.552	0.0124153	0.0190182	0.0106368
0.553	0.0124184	0.0190141	0.0106261
0.554	0.012381	0.0189721	0.010581
0.555	0.0123611	0.0189521	0.0105481
0.556	0.0123486	0.0189285	0.0105181
0.557	0.0123165	0.0188895	0.0104783
0.558	0.0123133	0.0188839	0.010458
0.559	0.0122946	0.0188593	0.0104306
0.56	0.0122692	0.0188297	0.0103898
0.561	0.0122442	0.0188007	0.0103536
0.562	0.0122321	0.0187858	0.0103335
0.563	0.0122244	0.0187637	0.0103067
0.564	0.0121879	0.0187305	0.0102569
0.565	0.0121729	0.018704	0.010231
0.566	0.0121586	0.0186908	0.0102025
0.567	0.0121502	0.0186755	0.0101831
0.568	0.0121215	0.018645	0.0101452
0.569	0.0121053	0.0186213	0.0101124
0.57	0.0120956	0.0186041	0.0100858
0.571	0.0120726	0.0185803	0.0100523
0.572	0.0120522	0.0185552	0.0100218
0.573	0.0120196	0.0185207	0.00998221
0.574	0.0120204	0.0185073	0.00995972
0.575	0.0120009	0.018483	0.00992999
0.576	0.0119914	0.0184756	0.00991381
0.577	0.0119601	0.018434	0.00986566
0.578	0.0119386	0.0184079	0.00983083
0.579	0.0119104	0.0183729	0.00979227
0.58	0.0119048	0.0183669	0.00976747
0.581	0.0118849	0.0183426	0.00973583
0.582	0.0118859	0.0183382	0.00972891
0.583	0.0118583	0.0183039	0.00968337
0.584	0.011851	0.0182897	0.00966194
0.585	0.0118107	0.0182468	0.00961773
0.586	0.0117947	0.018228	0.00958659
0.587	0.0117595	0.0181872	0.00954417
0.588	0.011752	0.018173	0.00951515
0.589	0.0117497	0.0181599	0.0094985
0.59	0.0117137	0.0181279	0.00946041
0.591	0.0117141	0.0181136	0.00944267
0.592	0.0116788	0.0180762	0.00939808
0.593	0.0116488	0.0180369	0.00935474
0.594	0.0116495	0.018029	0.00934116
0.595	0.0116175	0.0179989	0.00930193
0.596	0.0116234	0.0179928	0.00928379
0.597	0.0115988	0.0179697	0.00925265
0.598	0.0115773	0.0179408	0.00921425
0.599	0.0115461	0.0179056	0.00917441
0.6	0.0115307	0.0178864	0.00914939
0.601	0.0115475	0.017899	0.00915543
0.602	0.0114936	0.0178341	0.00907984
0.603	0.0114645	0.017802	0.00904757
0.604	0.0114419	0.0177781	0.009018
0.605	0.0114511	0.0177798	0.0089999
0.606	0.0114062	0.0177305	0.00895829
0.607	0.0114113	0.0177288	0.0089443
0.608	0.0113908	0.0177039	0.00891139
0.609	0.011367	0.0176709	0.00887911
0.61	0.0113461	0.0176488	0.00884739
0.611	0.0113455	0.0176385	0.00882372
0.612	0.0113241	0.0176143	0.0087922
0.613	0.0112883	0.0175729	0.00874956
0.614	0.0112743	0.017551	0.00872549
0.615	0.0112554	0.0175295	0.00869257
0.616	0.0112325	0.0174984	0.0086575
0.617	0.0112187	0.0174869	0.00863835
0.618	0.0112095	0.0174671	0.00860474
0.619	0.0111859	0.0174339	0.00857552
0.62	0.0111687	0.0174079	0.00854033
0.621	0.0111311	0.0173691	0.00849995
0.622	0.0111263	0.0173597	0.00847526
0.623	0.011101	0.0173293	0.00843736
0.624	0.0110744	0.0173008	0.00840473
0.625	0.0110568	0.0172796	0.00837513
0.626	0.0110401	0.0172471	0.00834928
0.627	0.011021	0.0172293	0.00831587
0.628	0.0110122	0.0172123	0.00828978
0.629	0.0109911	0.0171887	0.00826361
0.63	0.0109815	0.0171685	0.00823271
0.631	0.0109484	0.0171324	0.0081999
0.632	0.0109328	0.017108	0.00816544
0.633	0.0109089	0.0170852	0.00813363
0.634	0.0108933	0.0170608	0.00810253
0.635	0.0108567	0.0170286	0.00805925
0.636	0.0108649	0.017027	0.00805393
0.637	0.0108392	0.0169913	0.00801213
0.638	0.0108036	0.0169552	0.00796345
0.639	0.0108256	0.0169603	0.00797892
0.64	0.0107785	0.0169206	0.007919
0.641	0.0107674	0.0169039	0.00789601
0.642	0.0107484	0.0168717	0.00786652
0.643	0.0107191	0.0168432	0.00782763
0.644	0.0107223	0.0168365	0.00781214
0.645	0.0106731	0.0167849	0.00775156
0.646	0.0106693	0.0167709	0.00774152
0.647	0.0106572	0.0167548	0.00771205
0.648	0.0106102	0.016707	0.00765246
0.649	0.0106162	0.0167035	0.00764238
0.65	0.0105654	0.0166473	0.00759242
0.651	0.0105864	0.0166621	0.00759213
0.652	0.0105565	0.0166291	0.00755424
0.653	0.0105331	0.0166024	0.0075189
0.654	0.0105113	0.0165732	0.00749285
0.655	0.01049	0.0165468	0.00745646
0.656	0.0104696	0.0165274	0.00742242
0.657	0.0104543	0.0164985	0.00739592
0.658	0.0104357	0.016473	0.00736265
0.659	0.0104307	0.0164598	0.00734636
0.66	0.0103912	0.0164221	0.00729063
0.661	0.0104044	0.0164337	0.00729661
0.662	0.0103747	0.0163978	0.00725378
0.663	0.0103496	0.0163629	0.0072192
0.664	0.0103242	0.0163333	0.00718657
0.665	0.0103206	0.0163269	0.00717202
0.666	0.0102816	0.0162874	0.00711841
0.667	0.0102607	0.0162638	0.00708945
0.668	0.0102582	0.0162486	0.00706648
0.669	0.0102084	0.0162008	0.00701969
0.67	0.0102159	0.0162043	0.00700635
0.671	0.010194	0.0161722	0.00697782
0.672	0.0101653	0.0161475	0.00694263
0.673	0.0101392	0.0161121	0.00690206
0.674	0.0101325	0.0161053	0.00687311
0.675	0.0101016	0.0160714	0.00684669
0.676	0.0100776	0.0160459	0.00681134
0.677	0.01008	0.0160306	0.00679516
0.678	0.0100306	0.0159892	0.00674158
0.679	0.0100208	0.0159711	0.00672768
0.68	0.010015	0.0159639	0.00670941
0.681	0.00998997	0.0159383	0.00666963
0.682	0.0099609	0.0159088	0.00663066
0.683	0.00995169	0.0158884	0.00661747
0.684	0.00992972	0.015866	0.00658416
0.685	0.00991704	0.0158472	0.00655852
0.686	0.00988739	0.0158072	0.00652001
0.687	0.00987505	0.0158008	0.0065093
0.688	0.00985374	0.0157747	0.00647561
0.689	0.00982855	0.0157524	0.00643766
0.69	0.00981596	0.0157304	0.00640834
0.691	0.00978641	0.015703	0.00638111
0.692	0.0097639	0.0156816	0.00634996
0.693	0.00976249	0.0156709	0.00634391
0.694	0.00972949	0.0156289	0.00629567
0.695	0.00971572	0.015614	0.00627345
0.696	0.00967876	0.0155806	0.00623051
0.697	0.00965781	0.0155574	0.00620998
0.698	0.00966931	0.0155569	0.0062
0.699	0.00962726	0.0155237	0.00615441
0.7	0.00961127	0.0154987	0.00613023
0.701	0.00958987	0.0154763	0.00610577
0.702	0.00956412	0.0154519	0.00607719
0.703	0.00953477	0.0154229	0.00603952
0.704	0.00950815	0.0153944	0.0060101
0.705	0.00952018	0.0153985	0.0060031
0.706	0.00949892	0.01538	0.00596971
0.707	0.00947063	0.0153511	0.00594824
0.708	0.0094419	0.0153191	0.00591264
0.709	0.00942191	0.0152979	0.00588379
0.71	0.00940624	0.0152788	0.00586202
0.711	0.00937317	0.0152427	0.00582237
0.712	0.00935111	0.01523	0.00579781
0.713	0.00934654	0.0152117	0.00577515
0.714	0.00933022	0.0152023	0.00575539
0.715	0.00930681	0.0151711	0.00573269
0.716	0.00926295	0.0151318	0.00568169
0.717	0.00927001	0.0151356	0.00568146
0.718	0.00922727	0.0150897	0.00563986
0.719	0.00920878	0.0150689	0.00561691
0.72	0.00919351	0.0150555	0.00559522
0.721	0.00917056	0.0150281	0.00557142
0.722	0.00916173	0.0150187	0.00554582
0.723	0.0091216	0.0149791	0.00551214
0.724	0.00910345	0.0149635	0.00548025
0.725	0.00909657	0.0149433	0.00547741
0.726	0.00903298	0.0149	0.00541254
0.727	0.00903438	0.0148868	0.00540111
0.728	0.00901454	0.0148746	0.00538489
0.729	0.0090016	0.0148549	0.0053683
0.73	0.00894923	0.0148011	0.00531166
0.731	0.00895872	0.0148088	0.00532633
0.732	0.00894064	0.0147897	0.00529066
0.733	0.00892836	0.0147868	0.0052787
0.734	0.00888874	0.0147386	0.00524394
0.735	0.00887954	0.0147192	0.00523112
0.736	0.00884754	0.0147038	0.00519775
0.737	0.00881621	0.0146665	0.00516741
0.738	0.00879547	0.0146493	0.00514276
0.739	0.00878384	0.0146289	0.00513005
0.74	0.00878139	0.014626	0.00512662
0.741	0.00873673	0.0145866	0.00507357
0.742	0.00871953	0.0145648	0.00506072
0.743	0.00870026	0.014539	0.00504572
0.744	0.00865917	0.0145062	0.00499837
0.745	0.00864988	0.0145009	0.00497779
0.746	0.00860548	0.0144582	0.00494978
0.747	0.00860746	0.014457	0.00495248
0.748	0.00859831	0.0144333	0.00493793
0.749	0.00855128	0.0143965	0.00489918
0.75	0.00855127	0.0143965	0.00490039
0.751	0.00851412	0.0143541	0.00485351
0.752	0.00849591	0.0143446	0.00484582
0.753	0.00848418	0.0143206	0.00483965
0.754	0.00846973	0.0143093	0.00482831
0.755	0.00843084	0.0142673	0.0047939
0.756	0.00840393	0.0142443	0.00477101
0.757	0.00841897	0.0142551	0.00477774
0.758	0.00837785	0.0142179	0.00474772
0.759	0.00834935	0.0141909	0.00472007
0.76	0.00836061	0.0141909	0.00473775
0.761	0.0082928	0.0141321	0.00468145
0.762	0.0082931	0.0141279	0.00467618
0.763	0.00827952	0.0141101	0.00466668
0.764	0.0082306	0.0140696	0.00463167
0.765	0.00823826	0.0140658	0.0046392
0.766	0.00822798	0.0140437	0.00463842
0.767	0.00817923	0.014016	0.00459909
0.768	0.00816222	0.013984	0.00458511
0.769	0.00814628	0.0139692	0.0045723
0.77	0.00810336	0.0139305	0.00455199
0.771	0.00809667	0.01391	0.00455205
0.772	0.00806806	0.0138781	0.0045372
0.773	0.00806962	0.0138708	0.00453728
0.774	0.0080316	0.0138323	0.00452308
0.775	0.00803077	0.0138236	0.00452233
0.776	0.00798684	0.0137777	0.0044902
0.777	0.00797817	0.013764	0.00449067
0.778	0.00794828	0.0137474	0.00446812
0.779	0.00797201	0.0137479	0.00449942
0.78	0.00790716	0.0136867	0.00445529
0.781	0.00787952	0.0136611	0.0044283
0.782	0.00792652	0.0136853	0.00448977
0.783	0.00785857	0.0136231	0.00443569
0.784	0.00783317	0.0135952	0.0044365
0.785	0.00783878	0.0135761	0.0044456
0.786	0.00780962	0.0135314	0.00442916
0.787	0.00779518	0.0135225	0.00443343
0.788	0.00775435	0.0134778	0.00441585
0.789	0.00775777	0.0134761	0.00441289
0.79	0.00773615	0.0134482	0.00441208
0.791	0.00772563	0.013433	0.00440364
0.792	0.00768274	0.0133795	0.00438406
0.793	0.00769999	0.0133764	0.00441698
0.794	0.00765355	0.0133338	0.00438835
0.795	0.00763529	0.0133151	0.00438414
0.796	0.0076201	0.0132876	0.00437974
0.797	0.00761165	0.0132611	0.0043826
0.798	0.00758598	0.0132209	0.00437949
0.799	0.0076255	0.0132475	0.0044184
0.8	0.00753091	0.0131538	0.0043618
0.801	0.00751637	0.0131168	0.00435375
0.802	0.00750572	0.0130993	0.00435399
0.803	0.00751903	0.013098	0.00437219
0.804	0.00752619	0.0130948	0.00439149
0.805	0.00745561	0.013014	0.00433384
0.806	0.00747696	0.0130194	0.00436358
0.807	0.00742111	0.0129467	0.00434395
0.808	0.00744289	0.0129552	0.00436485
0.809	0.00739319	0.0128972	0.00432702
0.81	0.00738456	0.0128706	0.0043418
0.811	0.00738637	0.0128555	0.00435605
0.812	0.0073695	0.0128278	0.0043453
0.813	0.00735547	0.0127877	0.00435135
0.814	0.00732334	0.0127548	0.0043275
0.815	0.00730265	0.0127266	0.00431471
0.816	0.00726279	0.0126508	0.00430623
0.817	0.00724636	0.0126358	0.00429837
0.818	0.00723843	0.0126096	0.00430836
0.819	0.00725974	0.0125942	0.00432886
0.82	0.00725238	0.0125789	0.00432928
0.821	0.00723846	0.0125345	0.00433982
0.822	0.00718177	0.0124843	0.00428785
0.823	0.00719428	0.0124648	0.00431388
0.824	0.00717658	0.0124193	0.00431761
0.825	0.00711079	0.0123476	0.00426303
0.826	0.00714818	0.0123634	0.00429978
0.827	0.00713835	0.0123195	0.00430859
0.828	0.00713018	0.0122835	0.00429994
0.829	0.00709523	0.0122364	0.00429097
0.83	0.00709336	0.0122165	0.00429509
0.831	0.00709094	0.0121758	0.00431013
0.832	0.00706563	0.0121312	0.00429135
0.833	0.00706524	0.0121208	0.00427874
0.834	0.0070355	0.0120732	0.00428513
0.835	0.00699111	0.0119981	0.00424796
0.836	0.00698403	0.0119667	0.00425709
0.837	0.00699207	0.0119392	0.00427446
0.838	0.00695855	0.0118824	0.00425228
0.839	0.00700119	0.0118928	0.0043062
0.84	0.00693545	0.0118216	0.00424264
0.841	0.00692434	0.0117783	0.00425748
0.842	0.00691795	0.011754	0.00424461
0.843	0.00690143	0.0117148	0.00424368
0.844	0.00688316	0.0116712	0.00422171
0.845	0.0069045	0.0116486	0.00426515
0.846	0.00688056	0.0116157	0.00425716
0.847	0.00689675	0.0115858	0.00427786
0.848	0.00680267	0.0114908	0.00421993
0.849	0.00680798	0.0114424	0.00420788
0.85	0.00682357	0.0114381	0.0042467
0.851	0.00678901	0.0113838	0.00423284
0.852	0.00674933	0.0113081	0.00420801
0.853	0.00675642	0.0112911	0.00422066
0.854	0.00674657	0.0112504	0.00421884
0.855	0.00678431	0.0112237	0.004265
0.856	0.00669278	0.0111392	0.00421014
0.857	0.00670065	0.011113	0.00421559
0.858	0.006686	0.0110564	0.00420975
0.859	0.00667101	0.0110006	0.0041978
0.86	0.00665456	0.0109778	0.00419419
0.861	0.00663283	0.0109011	0.00419246
0.862	0.00660955	0.0108591	0.00418383
0.863	0.00659335	0.0107971	0.00418667
0.864	0.00661462	0.0107769	0.00420029
0.865	0.00659529	0.0107326	0.00419305
0.866	0.00659828	0.0106815	0.00420993
0.867	0.00655386	0.0106227	0.00419568
0.868	0.00655481	0.0105779	0.00420879
0.869	0.00648967	0.0104967	0.00415965
0.87	0.00643977	0.0104365	0.00413044
0.871	0.00649552	0.0104172	0.00418845
0.872	0.00645797	0.0103609	0.00415187
0.873	0.00647148	0.010305	0.00418232
0.874	0.00642432	0.0102561	0.00415582
0.875	0.00635542	0.0101884	0.00410862
0.876	0.00639148	0.0101193	0.004165
0.877	0.00640153	0.0101082	0.00417797
0.878	0.00635049	0.0100188	0.00415407
0.879	0.00635793	0.00998328	0.00414822
0.88	0.00629611	0.00990761	0.004102
0.881	0.00629103	0.00985516	0.00413457
0.882	0.00624376	0.00977717	0.00409285
0.883	0.00625546	0.00973932	0.00411023
0.884	0.00626079	0.00968977	0.00412205
0.885	0.00623982	0.00960237	0.00414335
0.886	0.00620158	0.0095394	0.00409479
0.887	0.00623811	0.00950478	0.00415232
0.888	0.00618651	0.00943565	0.00411792
0.889	0.00612375	0.00935184	0.00406099
0.89	0.00611758	0.00931606	0.00407517
0.891	0.00615049	0.00925175	0.00412061
0.892	0.00613962	0.00920603	0.00411547
0.893	0.00609405	0.00910215	0.00410204
0.894	0.0060474	0.0090201	0.00406817
0.895	0.00601059	0.00897658	0.00403743
0.896	0.00602255	0.0089269	0.00406592
0.897	0.00596496	0.00883716	0.0040396
0.898	0.00601349	0.00877799	0.00408994
0.899	0.00599693	0.00869999	0.00409317
0.9	0.00598007	0.00863448	0.00408814
0.901	0.00589666	0.00853415	0.00402698
0.902	0.00588532	0.00848127	0.00402202
0.903	0.00593919	0.00845565	0.00410149
0.904	0.00583702	0.00831728	0.00401756
0.905	0.00586264	0.00827866	0.0040392
0.906	0.0058327	0.00817808	0.00404392
0.907	0.00586524	0.00814066	0.00409722
0.908	0.00582236	0.00803888	0.00406936
0.909	0.00579987	0.00795809	0.00405067
0.91	0.00580156	0.00792478	0.00403712
0.911	0.00580108	0.00783067	0.00407404
0.912	0.00579253	0.00774136	0.00407795
0.913	0.00577033	0.0076641	0.00406692
0.914	0.00576818	0.00760675	0.00407449
0.915	0.00575114	0.00747281	0.00408473
0.916	0.0057314	0.00740909	0.00408036
0.917	0.00570224	0.00734136	0.00406714
0.918	0.00566786	0.00722502	0.00405156
0.919	0.00567847	0.0071751	0.00405545
0.92	0.0058008	0.00708453	0.00419222
0.921	0.00562065	0.00695584	0.00402854
0.922	0.0056284	0.00690941	0.00403718
0.923	0.00561021	0.0068028	0.00403511
0.924	0.00569017	0.00671221	0.00412451
0.925	0.00558215	0.00658677	0.00403893
0.926	0.00554919	0.00650795	0.00400991
0.927	0.00564335	0.00643869	0.00410698
0.928	0.00561273	0.00631825	0.00409443
0.929	0.00550037	0.00620427	0.00400259
0.93	0.00559144	0.00611956	0.00409194
0.931	0.00551339	0.00603059	0.00402827
0.932	0.00551006	0.00589431	0.00405205
0.933	0.00558065	0.00576546	0.00412734
0.934	0.00554961	0.00571642	0.0040876
0.935	0.00559138	0.0056161	0.00412987
0.936	0.00550103	0.0054934	0.00406627
0.937	0.00556081	0.00540044	0.00413185
0.938	0.00562356	0.00529737	0.00418875
0.939	0.0055884	0.00522581	0.00416191
0.94	0.00554846	0.00508451	0.00411893
0.941	0.00564797	0.00496015	0.00421467
0.942	0.00568153	0.00485582	0.00425783
0.943	0.00563541	0.0047417	0.00420976
0.944	0.00574782	0.0046483	0.00431497
0.945	0.00565585	0.00449061	0.00421989
0.946	0.00575047	0.00437082	0.00431763
0.947	0.0056868	0.00429048	0.00426846
0.948	0.00574523	0.00416488	0.00430904
0.949	0.00564859	0.0040076	0.00422775
0.95	0.00579208	0.00394137	0.0043442
0.951	0.00589315	0.00382951	0.00444714
0.952	0.00591975	0.00371636	0.00445256
0.953	0.00595288	0.00355475	0.004475
0.954	0.00596212	0.00345731	0.00446967
0.955	0.00601011	0.0033402	0.00452096
0.956	0.00599445	0.00321009	0.0045136
0.957	0.00617119	0.00313487	0.00465467
0.958	0.00622813	0.00298272	0.00467577
0.959	0.00630325	0.00288968	0.00471645
0.96	0.00637483	0.00277361	0.0047853
0.961	0.00655871	0.00266754	0.0049505
0.962	0.00654727	0.00252733	0.00490372
0.963	0.00667018	0.00240767	0.0050028
0.964	0.00678284	0.00228614	0.00508723
0.965	0.00681856	0.0022423	0.00510822
0.966	0.00680242	0.00209637	0.00506115
0.967	0.00700324	0.00204354	0.0052046
0.968	0.00726402	0.00189179	0.00541819
0.969	0.00738051	0.00180611	0.00549854
0.97	0.00763328	0.00170079	0.00568603
0.971	0.00792034	0.00163489	0.00588913
0.972	0.00789762	0.00156856	0.00583134
0.973	0.00824977	0.00147385	0.0060841
0.974	0.0085313	0.00136438	0.00629607
0.975	0.00882618	0.00128554	0.00652475
0.976	0.00949767	0.00124319	0.00704077
0.977	0.00975784	0.00119076	0.00721654
0.978	0.010181	0.00110743	0.00751909
0.979	0.0106392	0.00103329	0.00781934
0.98	0.0110695	0.000974448	0.00812699
0.981	0.0118125	0.000930864	0.0086172
0.982	0.0124639	0.000907155	0.00915259
0.983	0.0132968	0.000848766	0.00966756
0.984	0.0143096	0.000779085	0.0104254
0.985	0.0157402	0.000793885	0.0115133
0.986	0.0170433	0.00071598	0.0123536
0.987	0.0197928	0.00080996	0.0144513
0.988	0.0219529	0.00074541	0.0160018
0.989	0.0239519	0.000767247	0.0173738
0.99	0.0296665	0.000852687	0.0217362
0.991	0.0338685	0.000839157	0.0246216
0.992	0.0398828	0.000873477	0.0289169
0.993	0.0482594	0.00099814	0.034703
0.994	0.064721	0.00116835	0.046715
0.995	0.0850641	0.00114781	0.061092
0.996	0.12925	0.00182054	0.0928416
0.997	0.208187	0.00274975	0.148086
0.998	0.4459	0.00605341	0.320914
