L	opf	cc	jcc
0	0.0319712	0.0403612	0.0370367
0.001	0.0319036	0.0402987	0.0369703
0.002	0.0318314	0.040228	0.036898
0.003	0.0317694	0.0401734	0.0368403
0.004	0.0317059	0.0401136	0.036778
0.005	0.0316288	0.0400479	0.0367082
0.006	0.0315692	0.0399929	0.0366506
0.007	0.0314966	0.0399241	0.0365784
0.008	0.0314373	0.0398709	0.0365238
0.009	0.0313627	0.0398	0.0364497
0.01	0.0313049	0.0397482	0.0363937
0.011	0.0312335	0.0396809	0.0363238
0.012	0.031169	0.0396262	0.0362658
0.013	0.0311064	0.0395616	0.0362003
0.014	0.03103	0.0394936	0.0361284
0.015	0.0309667	0.0394384	0.0360699
0.016	0.0309053	0.0393773	0.0360081
0.017	0.0308356	0.0393125	0.03594
0.018	0.0307678	0.0392537	0.0358777
0.019	0.0307069	0.0392001	0.0358202
0.02	0.0306394	0.0391361	0.0357537
0.021	0.0305708	0.039071	0.0356857
0.022	0.0305072	0.0390161	0.0356282
0.023	0.0304424	0.0389529	0.0355613
0.024	0.0303781	0.0388957	0.035501
0.025	0.0303026	0.0388262	0.0354295
0.026	0.0302419	0.0387721	0.0353708
0.027	0.03018	0.0387139	0.035309
0.028	0.0301223	0.0386615	0.0352548
0.029	0.0300476	0.0385962	0.035185
0.03	0.0299902	0.0385414	0.0351288
0.031	0.0299122	0.0384694	0.0350537
0.032	0.0298597	0.0384239	0.035005
0.033	0.0297909	0.0383568	0.0349358
0.034	0.0297321	0.0383035	0.0348802
0.035	0.0296648	0.0382433	0.0348152
0.036	0.0296055	0.0381913	0.03476
0.037	0.0295432	0.0381315	0.0346983
0.038	0.0294732	0.0380657	0.0346283
0.039	0.0294132	0.0380152	0.0345748
0.04	0.0293483	0.0379524	0.0345104
0.041	0.0292917	0.0378999	0.0344549
0.042	0.0292111	0.0378288	0.0343809
0.043	0.029153	0.0377781	0.0343259
0.044	0.0290926	0.0377148	0.0342626
0.045	0.0290271	0.0376621	0.0342054
0.046	0.0289599	0.0375964	0.0341383
0.047	0.028899	0.0375386	0.0340785
0.048	0.028842	0.0374849	0.0340213
0.049	0.0287875	0.0374369	0.0339689
0.05	0.0287121	0.037371	0.0338991
0.051	0.0286559	0.0373169	0.0338437
0.052	0.0285888	0.0372536	0.0337787
0.053	0.0285289	0.0371985	0.0337207
0.054	0.0284673	0.0371378	0.0336584
0.055	0.0284053	0.0370806	0.0335984
0.056	0.0283431	0.0370265	0.0335401
0.057	0.0282852	0.0369737	0.0334868
0.058	0.0282219	0.0369161	0.0334241
0.059	0.0281559	0.0368582	0.0333644
0.06	0.0280954	0.0368009	0.0333057
0.061	0.0280346	0.036741	0.0332442
0.062	0.0279778	0.0366922	0.0331918
0.063	0.0279091	0.0366288	0.0331268
0.064	0.0278565	0.0365783	0.0330733
0.065	0.0277851	0.036514	0.0330056
0.066	0.0277217	0.036453	0.0329429
0.067	0.0276737	0.0364072	0.0328953
0.068	0.0276059	0.0363495	0.0328344
0.069	0.0275491	0.0362975	0.0327777
0.07	0.0274915	0.0362377	0.0327195
0.071	0.0274249	0.036179	0.0326568
0.072	0.0273625	0.0361156	0.0325936
0.073	0.0273163	0.0360762	0.0325494
0.074	0.0272478	0.0360122	0.032484
0.075	0.0271959	0.0359664	0.0324361
0.076	0.0271334	0.0359082	0.0323762
0.077	0.0270695	0.0358456	0.0323119
0.078	0.0270069	0.0357944	0.0322559
0.079	0.0269506	0.035738	0.0321995
0.08	0.0269011	0.0356933	0.0321518
0.081	0.0268341	0.0356264	0.0320835
0.082	0.026775	0.0355779	0.0320322
0.083	0.0267223	0.0355258	0.0319777
0.084	0.0266702	0.0354764	0.0319254
0.085	0.0266025	0.0354163	0.0318639
0.086	0.0265347	0.0353511	0.0317966
0.087	0.0264834	0.0352992	0.0317433
0.088	0.0264364	0.0352579	0.0316983
0.089	0.0263744	0.0351935	0.0316349
0.09	0.0263171	0.0351466	0.0315832
0.091	0.0262565	0.0350885	0.031524
0.092	0.0261957	0.0350372	0.0314684
0.093	0.0261404	0.0349811	0.0314126
0.094	0.026091	0.0349368	0.0313649
0.095	0.026031	0.0348753	0.0313025
0.096	0.0259753	0.0348242	0.0312477
0.097	0.0259199	0.034776	0.0311981
0.098	0.0258619	0.0347192	0.0311369
0.099	0.0258113	0.034671	0.0310884
0.1	0.025748	0.0346135	0.0310285
0.101	0.0256976	0.0345649	0.0309779
0.102	0.0256384	0.0345114	0.0309225
0.103	0.0255879	0.034464	0.0308736
0.104	0.0255335	0.0344106	0.0308174
0.105	0.025475	0.0343603	0.0307631
0.106	0.0254269	0.0343099	0.0307126
0.107	0.0253635	0.0342521	0.0306518
0.108	0.0253137	0.0342085	0.0306056
0.109	0.0252609	0.0341504	0.0305466
0.11	0.0251988	0.0340961	0.0304902
0.111	0.0251484	0.0340486	0.0304399
0.112	0.0250986	0.0340011	0.0303914
0.113	0.025038	0.0339454	0.0303325
0.114	0.024993	0.0339023	0.0302873
0.115	0.0249395	0.0338508	0.0302338
0.116	0.0248816	0.0337951	0.0301756
0.117	0.0248182	0.0337338	0.0301137
0.118	0.0247774	0.0336949	0.0300714
0.119	0.0247223	0.033645	0.0300213
0.12	0.0246736	0.033598	0.0299703
0.121	0.0246184	0.0335482	0.0299175
0.122	0.0245665	0.0334941	0.029863
0.123	0.0245184	0.0334474	0.0298137
0.124	0.0244716	0.0333984	0.0297644
0.125	0.0244177	0.033352	0.0297156
0.126	0.0243603	0.0332946	0.0296563
0.127	0.0243018	0.0332409	0.0296006
0.128	0.0242582	0.0331971	0.0295538
0.129	0.0242011	0.0331445	0.0294988
0.13	0.0241572	0.0331017	0.0294552
0.131	0.0241053	0.0330499	0.029401
0.132	0.0240586	0.0330045	0.029354
0.133	0.0240014	0.0329477	0.0292941
0.134	0.0239483	0.0328991	0.0292438
0.135	0.0239039	0.0328502	0.0291932
0.136	0.0238568	0.0328119	0.0291512
0.137	0.0238075	0.0327576	0.0290976
0.138	0.0237647	0.0327178	0.0290546
0.139	0.023717	0.032672	0.0290068
0.14	0.0236629	0.0326174	0.0289511
0.141	0.0236131	0.0325702	0.0289013
0.142	0.023563	0.0325152	0.0288463
0.143	0.0235103	0.0324678	0.028796
0.144	0.023474	0.0324265	0.0287532
0.145	0.0234243	0.0323792	0.0287032
0.146	0.0233753	0.0323298	0.028652
0.147	0.0233217	0.0322799	0.0286007
0.148	0.0232756	0.0322343	0.0285529
0.149	0.0232311	0.0321847	0.0285028
0.15	0.0231858	0.0321454	0.0284586
0.151	0.0231405	0.0320983	0.0284115
0.152	0.0230899	0.0320457	0.0283577
0.153	0.0230383	0.031997	0.028306
0.154	0.0230017	0.0319565	0.0282632
0.155	0.0229582	0.0319126	0.0282185
0.156	0.0229033	0.0318567	0.0281612
0.157	0.022864	0.0318121	0.0281155
0.158	0.0228193	0.0317724	0.0280736
0.159	0.0227725	0.0317212	0.0280211
0.16	0.0227217	0.0316718	0.0279689
0.161	0.0226844	0.0316327	0.0279293
0.162	0.0226415	0.0315905	0.0278839
0.163	0.0225975	0.0315432	0.0278341
0.164	0.0225587	0.0315024	0.0277929
0.165	0.022504	0.0314483	0.0277347
0.166	0.0224614	0.0314045	0.0276908
0.167	0.0224125	0.031352	0.0276364
0.168	0.0223666	0.0313015	0.0275859
0.169	0.0223217	0.0312576	0.027539
0.17	0.0222803	0.0312156	0.0274956
0.171	0.022242	0.0311771	0.0274531
0.172	0.0222042	0.0311333	0.0274089
0.173	0.0221478	0.0310794	0.0273538
0.174	0.0221246	0.0310459	0.0273174
0.175	0.0220685	0.0309932	0.0272639
0.176	0.0220325	0.0309538	0.0272223
0.177	0.0219875	0.0309082	0.0271757
0.178	0.0219448	0.0308659	0.0271285
0.179	0.0219073	0.0308193	0.0270842
0.18	0.0218652	0.0307739	0.0270368
0.181	0.0218283	0.030743	0.027001
0.182	0.021779	0.0306787	0.0269373
0.183	0.0217365	0.0306417	0.0268975
0.184	0.0217107	0.0306081	0.0268635
0.185	0.0216719	0.0305636	0.0268167
0.186	0.02162	0.0305125	0.0267648
0.187	0.0215828	0.030472	0.026721
0.188	0.021551	0.0304363	0.0266853
0.189	0.0215062	0.030385	0.026633
0.19	0.0214654	0.0303443	0.0265892
0.191	0.0214259	0.0302997	0.0265427
0.192	0.0213907	0.0302604	0.0264993
0.193	0.0213519	0.0302196	0.0264585
0.194	0.0213113	0.0301779	0.0264152
0.195	0.0212706	0.0301318	0.0263678
0.196	0.0212347	0.0300916	0.0263247
0.197	0.0211941	0.0300443	0.0262778
0.198	0.0211582	0.0300076	0.026238
0.199	0.0211161	0.0299589	0.0261872
0.2	0.0210797	0.0299165	0.0261444
0.201	0.0210477	0.0298809	0.0261072
0.202	0.0210014	0.0298314	0.0260566
0.203	0.0209723	0.0297983	0.0260203
0.204	0.0209344	0.0297557	0.0259768
0.205	0.0208969	0.0297096	0.0259302
0.206	0.0208661	0.0296798	0.0258969
0.207	0.0208168	0.0296255	0.0258417
0.208	0.020792	0.0295986	0.0258114
0.209	0.0207559	0.0295539	0.0257677
0.21	0.020711	0.0295013	0.0257143
0.211	0.0206763	0.0294674	0.0256763
0.212	0.0206474	0.0294296	0.0256372
0.213	0.0206063	0.0293856	0.0255926
0.214	0.0205765	0.0293426	0.0255501
0.215	0.020542	0.029311	0.0255142
0.216	0.0205061	0.029265	0.0254687
0.217	0.0204645	0.0292203	0.0254226
0.218	0.0204384	0.029185	0.0253853
0.219	0.0204081	0.0291505	0.0253498
0.22	0.0203673	0.0291037	0.0253025
0.221	0.0203204	0.0290548	0.0252506
0.222	0.0203013	0.029027	0.0252216
0.223	0.0202581	0.0289776	0.025172
0.224	0.0202342	0.028947	0.0251377
0.225	0.0201906	0.0289022	0.0250926
0.226	0.0201578	0.0288593	0.0250482
0.227	0.0201349	0.0288361	0.025022
0.228	0.0200956	0.0287898	0.0249738
0.229	0.0200608	0.0287433	0.0249277
0.23	0.0200414	0.0287198	0.024901
0.231	0.0199956	0.0286685	0.0248497
0.232	0.0199705	0.0286349	0.024815
0.233	0.0199252	0.0285886	0.0247654
0.234	0.0199041	0.0285594	0.0247367
0.235	0.0198685	0.0285212	0.0246944
0.236	0.0198478	0.0284957	0.0246654
0.237	0.0198176	0.0284548	0.0246244
0.238	0.0197713	0.0284051	0.0245731
0.239	0.0197393	0.0283613	0.0245293
0.24	0.0196896	0.0283095	0.0244759
0.241	0.0196799	0.0282934	0.0244571
0.242	0.0196478	0.0282569	0.0244172
0.243	0.0196167	0.0282228	0.024381
0.244	0.0195762	0.0281695	0.0243279
0.245	0.0195487	0.0281344	0.0242919
0.246	0.0195327	0.0281152	0.024269
0.247	0.0194969	0.0280721	0.0242261
0.248	0.0194606	0.0280282	0.0241779
0.249	0.0194248	0.0279866	0.0241362
0.25	0.0194	0.0279612	0.024108
0.251	0.0193562	0.0279057	0.0240516
0.252	0.0193358	0.0278855	0.0240281
0.253	0.0193154	0.0278508	0.0239925
0.254	0.0192772	0.0278056	0.0239468
0.255	0.019238	0.0277626	0.0239025
0.256	0.0192232	0.0277466	0.0238807
0.257	0.0191891	0.0277037	0.023836
0.258	0.019164	0.0276757	0.0238051
0.259	0.0191256	0.027626	0.0237568
0.26	0.0190885	0.0275845	0.0237122
0.261	0.0190624	0.0275505	0.0236759
0.262	0.0190407	0.0275201	0.0236424
0.263	0.0190027	0.0274781	0.0235988
0.264	0.0189772	0.027443	0.0235629
0.265	0.0189437	0.0274118	0.0235265
0.266	0.018925	0.0273774	0.0234932
0.267	0.0188837	0.027337	0.0234487
0.268	0.0188573	0.0273023	0.0234106
0.269	0.0188374	0.027275	0.0233802
0.27	0.0188066	0.0272335	0.0233396
0.271	0.0187802	0.0272011	0.0233048
0.272	0.0187589	0.0271774	0.0232757
0.273	0.0187241	0.0271362	0.0232345
0.274	0.018691	0.027092	0.0231875
0.275	0.0186544	0.0270545	0.023146
0.276	0.0186411	0.0270326	0.023122
0.277	0.0186102	0.0269945	0.0230838
0.278	0.0185768	0.0269516	0.0230369
0.279	0.0185546	0.0269224	0.0230049
0.28	0.0185312	0.0268953	0.0229741
0.281	0.0184944	0.0268529	0.0229302
0.282	0.0184772	0.0268263	0.0228981
0.283	0.0184443	0.0267866	0.0228582
0.284	0.0184179	0.0267542	0.022821
0.285	0.0183903	0.0267156	0.0227823
0.286	0.0183638	0.0266783	0.0227414
0.287	0.0183343	0.0266402	0.0227023
0.288	0.0183212	0.0266308	0.0226862
0.289	0.018285	0.0265797	0.0226364
0.29	0.0182591	0.0265486	0.0226001
0.291	0.0182324	0.026513	0.0225624
0.292	0.0182029	0.0264806	0.0225247
0.293	0.0181932	0.0264584	0.0224992
0.294	0.0181702	0.0264346	0.022473
0.295	0.0181438	0.0263948	0.022431
0.296	0.0181112	0.0263555	0.0223885
0.297	0.0180914	0.0263328	0.0223608
0.298	0.0180557	0.0262895	0.0223153
0.299	0.0180196	0.0262447	0.0222683
0.3	0.0180075	0.0262204	0.0222427
0.301	0.0179879	0.0261977	0.0222143
0.302	0.0179628	0.0261685	0.0221812
0.303	0.0179321	0.0261278	0.0221378
0.304	0.0179087	0.0260948	0.0221019
0.305	0.017899	0.0260795	0.0220833
0.306	0.0178598	0.0260318	0.0220332
0.307	0.0178273	0.0259989	0.0219958
0.308	0.0178045	0.0259599	0.0219577
0.309	0.0177703	0.0259163	0.0219102
0.31	0.0177527	0.0258962	0.0218844
0.311	0.0177309	0.0258662	0.0218526
0.312	0.0177142	0.0258389	0.0218217
0.313	0.0176873	0.0258065	0.0217869
0.314	0.0176458	0.0257565	0.0217348
0.315	0.0176222	0.0257251	0.0216996
0.316	0.0176014	0.0257023	0.0216716
0.317	0.017587	0.0256781	0.0216454
0.318	0.0175467	0.0256256	0.021591
0.319	0.0175341	0.025606	0.0215677
0.32	0.0175117	0.0255755	0.0215353
0.321	0.0174698	0.0255305	0.0214859
0.322	0.0174479	0.0254989	0.0214498
0.323	0.0174276	0.0254717	0.0214205
0.324	0.0174083	0.025449	0.0213942
0.325	0.0173859	0.0254163	0.0213582
0.326	0.0173542	0.025374	0.0213152
0.327	0.0173433	0.0253572	0.0212935
0.328	0.017312	0.0253185	0.0212502
0.329	0.0172787	0.0252757	0.0212053
0.33	0.0172569	0.0252529	0.0211776
0.331	0.0172426	0.0252275	0.021152
0.332	0.0172127	0.0251873	0.0211082
0.333	0.0171741	0.0251425	0.0210608
0.334	0.0171573	0.0251212	0.0210341
0.335	0.017137	0.0250926	0.0210032
0.336	0.0171211	0.025071	0.0209778
0.337	0.0170966	0.0250362	0.0209391
0.338	0.0170662	0.0250023	0.0209006
0.339	0.0170508	0.0249734	0.0208707
0.34	0.0170202	0.0249412	0.0208312
0.341	0.0169969	0.0249108	0.0207982
0.342	0.0169762	0.0248809	0.0207661
0.343	0.0169438	0.0248472	0.0207291
0.344	0.0169193	0.0248124	0.020691
0.345	0.0168888	0.0247774	0.0206514
0.346	0.0168757	0.0247539	0.0206226
0.347	0.0168426	0.0247174	0.0205845
0.348	0.016809	0.0246762	0.0205395
0.349	0.0167952	0.0246562	0.0205144
0.35	0.0167716	0.0246251	0.0204811
0.351	0.0167596	0.0246034	0.0204554
0.352	0.0167246	0.0245577	0.0204097
0.353	0.0166987	0.0245273	0.0203733
0.354	0.0166757	0.0245038	0.0203433
0.355	0.0166588	0.024477	0.0203159
0.356	0.0166261	0.0244328	0.0202676
0.357	0.0165876	0.0243889	0.0202205
0.358	0.0165718	0.0243706	0.0201945
0.359	0.0165669	0.0243589	0.0201804
0.36	0.0165281	0.0243104	0.0201312
0.361	0.0165165	0.0242933	0.0201081
0.362	0.0164917	0.0242616	0.0200713
0.363	0.0164595	0.0242209	0.02003
0.364	0.0164238	0.0241795	0.0199844
0.365	0.0164141	0.0241611	0.0199609
0.366	0.0163922	0.0241331	0.0199292
0.367	0.0163543	0.0240893	0.0198847
0.368	0.0163446	0.024072	0.019862
0.369	0.0163064	0.0240323	0.0198164
0.37	0.0162876	0.0240031	0.0197839
0.371	0.0162626	0.0239731	0.0197498
0.372	0.0162381	0.0239418	0.019716
0.373	0.016214	0.0239082	0.0196814
0.374	0.0161879	0.023875	0.0196431
0.375	0.0161665	0.0238513	0.0196124
0.376	0.01614	0.0238159	0.0195753
0.377	0.016125	0.0237893	0.0195446
0.378	0.0160961	0.0237626	0.0195129
0.379	0.0160756	0.0237323	0.0194786
0.38	0.0160473	0.0236993	0.0194421
0.381	0.0160149	0.0236618	0.0193999
0.382	0.0159864	0.0236256	0.0193601
0.383	0.0159646	0.0235973	0.0193274
0.384	0.0159471	0.023569	0.019298
0.385	0.0159326	0.0235468	0.0192722
0.386	0.0158953	0.023506	0.0192251
0.387	0.0158765	0.0234823	0.0191964
0.388	0.0158587	0.0234525	0.0191632
0.389	0.01584	0.0234273	0.0191362
0.39	0.0157999	0.0233834	0.0190883
0.391	0.0157814	0.0233505	0.0190522
0.392	0.0157558	0.0233261	0.0190231
0.393	0.0157515	0.0233091	0.0190017
0.394	0.0157123	0.0232686	0.018958
0.395	0.0156774	0.0232272	0.0189114
0.396	0.0156585	0.0231987	0.0188829
0.397	0.0156413	0.0231774	0.0188556
0.398	0.015619	0.0231487	0.0188218
0.399	0.0155991	0.0231152	0.0187874
0.4	0.0155722	0.0230805	0.0187492
0.401	0.0155501	0.0230558	0.0187169
0.402	0.0155425	0.0230396	0.018698
0.403	0.015504	0.0229932	0.0186488
0.404	0.0154878	0.022969	0.0186207
0.405	0.0154599	0.0229387	0.0185858
0.406	0.0154244	0.0228967	0.0185405
0.407	0.0154129	0.0228762	0.0185171
0.408	0.0153895	0.022846	0.0184817
0.409	0.0153619	0.0228138	0.0184464
0.41	0.0153433	0.0227879	0.018417
0.411	0.0153112	0.0227463	0.0183704
0.412	0.0152881	0.0227205	0.0183426
0.413	0.0152786	0.0226991	0.0183178
0.414	0.0152513	0.0226707	0.0182843
0.415	0.0152233	0.0226315	0.0182405
0.416	0.0152059	0.0226088	0.018214
0.417	0.0151805	0.0225808	0.0181815
0.418	0.0151643	0.0225516	0.018151
0.419	0.0151392	0.0225211	0.018116
0.42	0.0151153	0.0224924	0.0180809
0.421	0.0150855	0.0224515	0.0180415
0.422	0.0150709	0.0224313	0.0180156
0.423	0.0150451	0.022398	0.0179791
0.424	0.0150277	0.0223738	0.0179484
0.425	0.0149932	0.0223394	0.0179122
0.426	0.0149724	0.0223031	0.0178737
0.427	0.0149472	0.0222727	0.017841
0.428	0.0149414	0.0222582	0.0178218
0.429	0.0149103	0.0222256	0.0177832
0.43	0.0148813	0.0221864	0.0177416
0.431	0.0148779	0.0221749	0.0177267
0.432	0.0148325	0.0221244	0.0176698
0.433	0.0148274	0.0221159	0.0176587
0.434	0.01479	0.0220677	0.0176086
0.435	0.0147779	0.0220491	0.0175852
0.436	0.0147584	0.0220262	0.0175582
0.437	0.0147297	0.0219866	0.0175174
0.438	0.0147058	0.0219509	0.0174795
0.439	0.0146919	0.021931	0.0174564
0.44	0.0146571	0.0218988	0.0174161
0.441	0.0146441	0.0218764	0.0173912
0.442	0.0146135	0.0218419	0.0173534
0.443	0.0145982	0.0218103	0.0173208
0.444	0.0145621	0.0217765	0.0172794
0.445	0.0145459	0.0217478	0.0172519
0.446	0.0145245	0.0217244	0.0172219
0.447	0.014503	0.0216997	0.0171922
0.448	0.0144737	0.0216585	0.0171519
0.449	0.0144696	0.0216546	0.0171385
0.45	0.0144369	0.0216098	0.0170935
0.451	0.0144086	0.0215758	0.017055
0.452	0.0143909	0.0215535	0.0170295
0.453	0.0143755	0.0215288	0.0169996
0.454	0.014351	0.0215001	0.0169692
0.455	0.014321	0.0214605	0.0169259
0.456	0.0143175	0.0214506	0.0169111
0.457	0.0142865	0.021417	0.0168747
0.458	0.0142627	0.0213841	0.0168381
0.459	0.0142408	0.0213548	0.0168068
0.46	0.0142347	0.0213407	0.0167889
0.461	0.0142069	0.0213056	0.0167508
0.462	0.014177	0.0212711	0.0167109
0.463	0.0141574	0.0212438	0.0166797
0.464	0.0141455	0.0212292	0.0166647
0.465	0.0141263	0.0212004	0.0166313
0.466	0.0140823	0.0211495	0.0165789
0.467	0.0140696	0.0211307	0.0165534
0.468	0.014058	0.0211126	0.016531
0.469	0.0140358	0.0210815	0.0164978
0.47	0.0140083	0.0210481	0.0164586
0.471	0.0140035	0.0210362	0.016444
0.472	0.0139726	0.021001	0.0164047
0.473	0.0139588	0.0209814	0.0163811
0.474	0.0139187	0.0209369	0.0163333
0.475	0.0139046	0.0209119	0.0163048
0.476	0.0138987	0.0208986	0.016289
0.477	0.0138637	0.020864	0.0162459
0.478	0.0138515	0.0208375	0.0162173
0.479	0.0138206	0.0208082	0.0161821
0.48	0.0138096	0.0207896	0.0161604
0.481	0.0137836	0.0207558	0.0161236
0.482	0.0137655	0.0207311	0.0160954
0.483	0.0137509	0.0207129	0.0160742
0.484	0.0137259	0.0206804	0.0160374
0.485	0.0137036	0.0206485	0.016001
0.486	0.0136825	0.0206248	0.0159729
0.487	0.0136644	0.0205993	0.015945
0.488	0.0136546	0.020584	0.0159226
0.489	0.0136285	0.0205512	0.0158869
0.49	0.0136047	0.0205241	0.015857
0.491	0.0135863	0.0204999	0.0158246
0.492	0.0135685	0.0204714	0.0157958
0.493	0.0135497	0.0204471	0.0157655
0.494	0.0135242	0.0204169	0.0157333
0.495	0.0135166	0.020408	0.0157158
0.496	0.0134947	0.0203739	0.0156793
0.497	0.0134572	0.0203353	0.0156356
0.498	0.0134439	0.0203173	0.015613
0.499	0.0134256	0.0202923	0.0155841
0.5	0.0134058	0.0202651	0.0155539
0.501	0.0133834	0.0202434	0.015525
0.502	0.0133632	0.0202151	0.0154939
0.503	0.0133361	0.020177	0.0154516
0.504	0.0133251	0.0201664	0.0154334
0.505	0.0133079	0.020141	0.015404
0.506	0.0132776	0.0201067	0.0153631
0.507	0.0132665	0.0200975	0.0153472
0.508	0.0132525	0.0200715	0.0153208
0.509	0.0132455	0.0200574	0.0152998
0.51	0.0132139	0.0200203	0.0152555
0.511	0.0132035	0.0200033	0.0152365
0.512	0.0131854	0.0199758	0.015206
0.513	0.013149	0.0199445	0.0151675
0.514	0.0131374	0.0199264	0.015143
0.515	0.0131268	0.0199051	0.0151174
0.516	0.0130762	0.01986	0.0150656
0.517	0.0130712	0.019846	0.0150486
0.518	0.0130675	0.0198332	0.0150283
0.519	0.0130316	0.0197933	0.0149859
0.52	0.0130224	0.0197792	0.0149654
0.521	0.0129945	0.0197446	0.0149271
0.522	0.0129816	0.0197312	0.0149051
0.523	0.0129648	0.0197117	0.0148802
0.524	0.0129361	0.0196761	0.0148408
0.525	0.012921	0.0196529	0.0148136
0.526	0.0128974	0.0196288	0.0147831
0.527	0.0128676	0.0195931	0.0147394
0.528	0.0128681	0.0195843	0.0147263
0.529	0.0128411	0.0195536	0.0146921
0.53	0.0128312	0.019538	0.0146679
0.531	0.0128082	0.0195112	0.0146376
0.532	0.012777	0.0194758	0.014595
0.533	0.012759	0.0194573	0.0145729
0.534	0.0127488	0.0194357	0.0145474
0.535	0.0127305	0.0194168	0.014521
0.536	0.0127028	0.0193847	0.0144824
0.537	0.0126902	0.0193658	0.0144605
0.538	0.0126802	0.0193488	0.0144386
0.539	0.012655	0.0193248	0.0144058
0.54	0.0126329	0.0192876	0.0143666
0.541	0.0126019	0.0192584	0.014329
0.542	0.0125851	0.0192392	0.0143032
0.543	0.012577	0.0192188	0.0142811
0.544	0.0125585	0.0192002	0.0142564
0.545	0.0125568	0.0191884	0.0142365
0.546	0.0125194	0.019151	0.0141982
0.547	0.0125053	0.0191298	0.0141677
0.548	0.0124828	0.0191032	0.014137
0.549	0.0124712	0.0190891	0.0141178
0.55	0.0124593	0.0190741	0.0140947
0.551	0.0124428	0.0190501	0.0140677
0.552	0.0124043	0.0190076	0.0140194
0.553	0.0123909	0.0189896	0.0139951
0.554	0.0123714	0.0189654	0.0139673
0.555	0.012349	0.0189412	0.0139366
0.556	0.0123428	0.0189233	0.0139143
0.557	0.0123441	0.0189172	0.013903
0.558	0.0123119	0.0188858	0.0138654
0.559	0.0122799	0.0188481	0.0138234
0.56	0.0122575	0.0188216	0.0137937
0.561	0.0122527	0.0188107	0.0137738
0.562	0.0122405	0.0187915	0.0137511
0.563	0.012229	0.0187721	0.0137261
0.564	0.0121886	0.018728	0.0136783
0.565	0.0121678	0.0187021	0.0136469
0.566	0.0121639	0.0186957	0.0136357
0.567	0.0121575	0.0186807	0.0136164
0.568	0.0121096	0.0186364	0.0135651
0.569	0.01209	0.0186146	0.0135354
0.57	0.0120783	0.0185938	0.0135137
0.571	0.012066	0.0185667	0.0134858
0.572	0.0120496	0.0185482	0.0134594
0.573	0.012028	0.0185285	0.0134319
0.574	0.0120149	0.018507	0.0134064
0.575	0.0119836	0.0184724	0.0133679
0.576	0.0119916	0.018469	0.0133625
0.577	0.0119607	0.018442	0.0133279
0.578	0.0119327	0.0184037	0.0132843
0.579	0.0119388	0.0184024	0.0132794
0.58	0.0118967	0.0183568	0.0132294
0.581	0.0118768	0.0183355	0.0132028
0.582	0.0118739	0.01832	0.0131853
0.583	0.0118512	0.0182988	0.0131583
0.584	0.011823	0.0182653	0.0131205
0.585	0.011819	0.0182505	0.0131015
0.586	0.0117895	0.0182192	0.0130639
0.587	0.0117874	0.0182026	0.0130496
0.588	0.0117559	0.0181716	0.0130084
0.589	0.0117442	0.018158	0.0129884
0.59	0.0117313	0.0181403	0.0129675
0.591	0.0116894	0.0180917	0.0129113
0.592	0.0116861	0.0180846	0.0129034
0.593	0.0116564	0.0180501	0.0128664
0.594	0.0116572	0.01804	0.0128513
0.595	0.0116287	0.0180124	0.0128165
0.596	0.0116112	0.0179859	0.0127874
0.597	0.0116015	0.0179697	0.0127661
0.598	0.0115684	0.0179348	0.012729
0.599	0.0115557	0.0179168	0.0127055
0.6	0.0115385	0.0178901	0.012677
0.601	0.0115217	0.0178698	0.0126516
0.602	0.0115108	0.0178532	0.0126278
0.603	0.0114795	0.0178222	0.0125912
0.604	0.0114764	0.0178056	0.0125718
0.605	0.0114351	0.0177653	0.0125249
0.606	0.0114152	0.0177392	0.0124927
0.607	0.0113925	0.0177082	0.0124603
0.608	0.0113806	0.0176938	0.0124417
0.609	0.0113789	0.0176808	0.0124229
0.61	0.0113426	0.0176452	0.0123841
0.611	0.0113311	0.0176264	0.0123612
0.612	0.0113157	0.0176075	0.0123346
0.613	0.0112986	0.0175781	0.0123057
0.614	0.0112814	0.0175619	0.0122794
0.615	0.0112613	0.0175332	0.0122464
0.616	0.0112258	0.0174966	0.0122091
0.617	0.011233	0.0174882	0.0121936
0.618	0.0111928	0.0174512	0.0121497
0.619	0.0111783	0.0174291	0.0121246
0.62	0.0111698	0.0174192	0.0121087
0.621	0.0111463	0.0173874	0.0120725
0.622	0.0111182	0.0173498	0.0120313
0.623	0.0110949	0.0173286	0.0120047
0.624	0.0110878	0.0173147	0.0119859
0.625	0.0110503	0.0172741	0.0119382
0.626	0.011038	0.0172525	0.0119139
0.627	0.0110268	0.0172384	0.0118887
0.628	0.0110128	0.0172134	0.0118615
0.629	0.0109984	0.0171956	0.0118396
0.63	0.0109787	0.0171699	0.0118058
0.631	0.0109593	0.0171429	0.0117798
0.632	0.0109273	0.0171077	0.0117346
0.633	0.0109259	0.0171035	0.0117225
0.634	0.0108824	0.0170548	0.0116719
0.635	0.0108801	0.0170433	0.0116533
0.636	0.0108544	0.0170122	0.0116158
0.637	0.010835	0.0169923	0.0115891
0.638	0.0108184	0.0169675	0.011561
0.639	0.0108129	0.0169526	0.0115412
0.64	0.0107789	0.0169198	0.0114995
0.641	0.0107533	0.0168838	0.0114619
0.642	0.0107556	0.0168748	0.0114468
0.643	0.0107279	0.0168468	0.0114123
0.644	0.0106899	0.016811	0.0113679
0.645	0.0106981	0.0168069	0.0113574
0.646	0.0106782	0.0167784	0.011324
0.647	0.0106677	0.0167626	0.0113035
0.648	0.0106342	0.0167287	0.0112582
0.649	0.0106202	0.0167066	0.0112343
0.65	0.0105981	0.01668	0.0112009
0.651	0.0105808	0.016657	0.0111705
0.652	0.0105518	0.0166288	0.0111328
0.653	0.0105515	0.01662	0.0111175
0.654	0.0105091	0.0165714	0.0110642
0.655	0.0104978	0.0165534	0.0110356
0.656	0.0104683	0.0165252	0.0110017
0.657	0.0104515	0.0164946	0.0109673
0.658	0.0104462	0.0164897	0.0109495
0.659	0.0104161	0.016456	0.0109105
0.66	0.0104052	0.0164328	0.0108819
0.661	0.0103978	0.0164256	0.0108648
0.662	0.0103589	0.0163817	0.0108212
0.663	0.0103261	0.0163488	0.0107736
0.664	0.0103238	0.0163391	0.0107557
0.665	0.0103034	0.0163088	0.0107221
0.666	0.0102923	0.0162987	0.0107014
0.667	0.0102578	0.0162703	0.0106578
0.668	0.0102649	0.0162563	0.0106443
0.669	0.0102346	0.0162287	0.0106056
0.67	0.0101967	0.0161868	0.0105588
0.671	0.0101949	0.0161791	0.0105404
0.672	0.0101506	0.0161332	0.0104878
0.673	0.0101524	0.0161244	0.0104733
0.674	0.010136	0.0161079	0.0104491
0.675	0.010099	0.016067	0.0103935
0.676	0.0100887	0.016049	0.0103719
0.677	0.0100673	0.016032	0.0103414
0.678	0.0100516	0.0160028	0.0103121
0.679	0.0100179	0.0159725	0.0102693
0.68	0.0100046	0.0159498	0.0102378
0.681	0.00998952	0.0159317	0.0102122
0.682	0.00996642	0.015911	0.0101776
0.683	0.00994835	0.0158826	0.0101479
0.684	0.00992467	0.0158578	0.0101095
0.685	0.00992851	0.0158556	0.0101002
0.686	0.00990695	0.0158284	0.0100657
0.687	0.00989619	0.015811	0.0100408
0.688	0.00984095	0.0157654	0.00997998
0.689	0.00981864	0.0157368	0.00994248
0.69	0.00979825	0.0157131	0.00991425
0.691	0.00979076	0.0156994	0.00989199
0.692	0.00979256	0.0157006	0.00987781
0.693	0.00974344	0.015653	0.00982168
0.694	0.00973995	0.0156401	0.00980415
0.695	0.00969049	0.0155961	0.00974583
0.696	0.00968491	0.0155847	0.00972812
0.697	0.00967558	0.015568	0.00970278
0.698	0.00962426	0.0155171	0.00963597
0.699	0.00963566	0.0155262	0.00963781
0.7	0.00960915	0.0154983	0.00959953
0.701	0.00958632	0.0154782	0.00956608
0.702	0.00958499	0.0154692	0.00955024
0.703	0.00953422	0.0154162	0.00948766
0.704	0.0095509	0.0154294	0.00949047
0.705	0.00950839	0.0153822	0.00943716
0.706	0.00948442	0.0153641	0.00940266
0.707	0.00944604	0.0153234	0.00935209
0.708	0.00944805	0.0153268	0.00934048
0.709	0.00942312	0.0152978	0.00929921
0.71	0.00939116	0.0152648	0.0092569
0.711	0.00937649	0.0152523	0.00923303
0.712	0.00933547	0.0152088	0.00918294
0.713	0.00934871	0.0152199	0.00917885
0.714	0.00930922	0.0151792	0.00912845
0.715	0.00928502	0.0151539	0.00909159
0.716	0.00928429	0.0151495	0.00907812
0.717	0.00926066	0.0151279	0.00903949
0.718	0.00922646	0.0150872	0.00899388
0.719	0.00922104	0.0150799	0.00897068
0.72	0.00918879	0.0150497	0.00892841
0.721	0.00919575	0.0150493	0.00892338
0.722	0.00913417	0.0149923	0.00884832
0.723	0.00914388	0.0149949	0.00884405
0.724	0.00909626	0.014957	0.00878543
0.725	0.00907907	0.0149384	0.00875393
0.726	0.00908455	0.0149363	0.00874244
0.727	0.00902622	0.0148857	0.00867822
0.728	0.00900447	0.0148583	0.00864204
0.729	0.00899798	0.0148549	0.00862716
0.73	0.00896813	0.0148195	0.00858065
0.731	0.00894566	0.0148016	0.00854521
0.732	0.0089274	0.0147843	0.00851077
0.733	0.00892001	0.0147682	0.00849199
0.734	0.0088946	0.0147459	0.00844912
0.735	0.00886889	0.0147216	0.00840794
0.736	0.0088393	0.0146907	0.00836597
0.737	0.00884362	0.0146936	0.00835276
0.738	0.00879248	0.0146405	0.00829118
0.739	0.00878389	0.0146321	0.00827134
0.74	0.00875943	0.0146177	0.00823384
0.741	0.00871412	0.0145641	0.00817324
0.742	0.00871798	0.0145637	0.00815996
0.743	0.00870903	0.0145545	0.00813489
0.744	0.00865064	0.0144986	0.00806405
0.745	0.00862567	0.0144807	0.00803563
0.746	0.00862579	0.0144641	0.00800369
0.747	0.00861828	0.0144651	0.00798723
0.748	0.00861505	0.014455	0.00796773
0.749	0.00856909	0.0144099	0.00791046
0.75	0.00854968	0.0143922	0.00787734
0.751	0.00851635	0.0143583	0.00782712
0.752	0.00852635	0.0143711	0.00781747
0.753	0.00846592	0.0143153	0.00774866
0.754	0.00846063	0.014302	0.00772918
0.755	0.00844023	0.0142729	0.00768767
0.756	0.00840823	0.0142473	0.00764473
0.757	0.00840978	0.0142435	0.00762748
0.758	0.00836258	0.0142107	0.00756921
0.759	0.00834104	0.0141779	0.00753428
0.76	0.00834812	0.0141856	0.00752022
0.761	0.00834319	0.0141674	0.00748954
0.762	0.00827815	0.0141198	0.00742225
0.763	0.00822733	0.0140739	0.00736268
0.764	0.00822047	0.0140527	0.00732844
0.765	0.00821868	0.0140519	0.00730628
0.766	0.00818785	0.0140213	0.00726545
0.767	0.00818551	0.0140082	0.00724229
0.768	0.0081579	0.013984	0.00719462
0.769	0.00815513	0.0139716	0.00717281
0.77	0.00813271	0.0139465	0.00713385
0.771	0.0081196	0.0139268	0.00709829
0.772	0.00810757	0.013901	0.00706391
0.773	0.00806256	0.0138699	0.00701095
0.774	0.00801767	0.0138187	0.00694886
0.775	0.00801546	0.0138122	0.00692404
0.776	0.00797184	0.0137729	0.00686739
0.777	0.00796853	0.013767	0.00683972
0.778	0.00796869	0.0137566	0.00681821
0.779	0.0079489	0.0137232	0.00677903
0.78	0.00792814	0.0136922	0.00673214
0.781	0.00790504	0.013672	0.00669216
0.782	0.00789052	0.0136555	0.0066548
0.783	0.00783965	0.0136033	0.0065887
0.784	0.00782539	0.0135884	0.00655315
0.785	0.00784868	0.0135908	0.00654553
0.786	0.00783623	0.0135701	0.00651302
0.787	0.00780916	0.0135308	0.00645762
0.788	0.00778105	0.0135063	0.00641596
0.789	0.00775847	0.0134683	0.0063658
0.79	0.00772649	0.0134411	0.00631995
0.791	0.00773202	0.0134359	0.00629049
0.792	0.00769632	0.0133943	0.00623744
0.793	0.00768492	0.0133665	0.00620127
0.794	0.0076572	0.0133288	0.00614587
0.795	0.00766163	0.0133236	0.00612442
0.796	0.0076147	0.0132834	0.0060635
0.797	0.00760758	0.0132621	0.0060257
0.798	0.0076021	0.0132463	0.00599803
0.799	0.00758794	0.0132172	0.00595386
0.8	0.00756	0.0131796	0.00590149
0.801	0.00754815	0.0131531	0.00586152
0.802	0.00750878	0.0131028	0.00579734
0.803	0.00752958	0.0131087	0.00578186
0.804	0.00749533	0.0130658	0.00572906
0.805	0.00749632	0.0130529	0.00569775
0.806	0.00746524	0.013004	0.00564014
0.807	0.00747645	0.0129982	0.00561472
0.808	0.0074279	0.0129253	0.0055427
0.809	0.00740044	0.0129052	0.00549893
0.81	0.00738769	0.0128771	0.00545365
0.811	0.00735873	0.0128379	0.00540269
0.812	0.00736545	0.0128102	0.00537143
0.813	0.00734542	0.0127911	0.00532055
0.814	0.00732169	0.0127509	0.00527277
0.815	0.00733624	0.0127384	0.0052527
0.816	0.00729681	0.012692	0.00518314
0.817	0.00731997	0.0126772	0.00516366
0.818	0.00724596	0.0126147	0.00507848
0.819	0.00727804	0.0126034	0.00506455
0.82	0.00724351	0.012569	0.00501079
0.821	0.00723955	0.0125365	0.00496092
0.822	0.00719728	0.0124718	0.00489209
0.823	0.00721681	0.0124872	0.00488124
0.824	0.00719604	0.012447	0.00482698
0.825	0.00719111	0.0124072	0.00478973
0.826	0.0071525	0.0123686	0.00472583
0.827	0.00712406	0.0123073	0.00465785
0.828	0.00711489	0.0122885	0.00462993
0.829	0.00709149	0.0122332	0.00457614
0.83	0.00710638	0.0122236	0.00454609
0.831	0.00709309	0.0121907	0.00449281
0.832	0.00708795	0.012165	0.00447329
0.833	0.00707245	0.0121169	0.00440796
0.834	0.0070612	0.0120813	0.00437159
0.835	0.00703543	0.0120304	0.00430501
0.836	0.00700313	0.0119855	0.0042481
0.837	0.00699414	0.0119459	0.00420555
0.838	0.00696672	0.0119218	0.00415046
0.839	0.00697468	0.0118792	0.00411776
0.84	0.00690868	0.0118048	0.00403391
0.841	0.00691258	0.0117708	0.00400403
0.842	0.00691571	0.0117608	0.0039674
0.843	0.00690043	0.0117158	0.00392512
0.844	0.00689553	0.0116548	0.00387743
0.845	0.00684225	0.0116147	0.00380924
0.846	0.00686453	0.0115899	0.00378942
0.847	0.00684368	0.0115498	0.00373781
0.848	0.006844	0.0115125	0.00369272
0.849	0.00679751	0.0114588	0.00363399
0.85	0.0068	0.0114035	0.00360446
0.851	0.0068086	0.0113976	0.00357709
0.852	0.00678438	0.0113415	0.0035248
0.853	0.00675768	0.0112975	0.00347239
0.854	0.00675515	0.0112478	0.00343628
0.855	0.00673766	0.0111914	0.00338776
0.856	0.00670995	0.0111315	0.00333265
0.857	0.00669377	0.0111007	0.00329229
0.858	0.00670987	0.0110715	0.00327512
0.859	0.00669114	0.011026	0.00322791
0.86	0.00663305	0.0109425	0.00316305
0.861	0.00664238	0.0109158	0.00312739
0.862	0.00663302	0.0108766	0.00309429
0.863	0.00662295	0.010838	0.0030572
0.864	0.00660594	0.0107792	0.00302023
0.865	0.00660145	0.0107365	0.0029927
0.866	0.00658411	0.010686	0.0029519
0.867	0.00652921	0.0106047	0.00289415
0.868	0.00653008	0.0105718	0.00286505
0.869	0.00654734	0.0105227	0.00284982
0.87	0.006497	0.0104595	0.00279145
0.871	0.00646957	0.0104263	0.00274642
0.872	0.00646833	0.0103783	0.00273175
0.873	0.00641825	0.0102991	0.00266857
0.874	0.00644132	0.0102596	0.0026598
0.875	0.00641427	0.0101848	0.00263576
0.876	0.00639902	0.0101451	0.00260273
0.877	0.00637485	0.0100968	0.0025689
0.878	0.00641094	0.0100706	0.00257904
0.879	0.00636477	0.0100101	0.00251699
0.88	0.00631993	0.00992513	0.00247672
0.881	0.00633119	0.00988122	0.00247085
0.882	0.0062514	0.00978108	0.00240277
0.883	0.00629365	0.00974187	0.00242026
0.884	0.00628352	0.00967686	0.00239682
0.885	0.00621324	0.0096244	0.00235208
0.886	0.00621482	0.00955006	0.00233887
0.887	0.00617262	0.00947569	0.00229899
0.888	0.00619277	0.00945148	0.00231066
0.889	0.00613393	0.0093588	0.00224935
0.89	0.00618665	0.00932617	0.00227771
0.891	0.00618157	0.00927161	0.00226667
0.892	0.00611605	0.00917065	0.00222013
0.893	0.00611363	0.00911449	0.00222064
0.894	0.00606567	0.00904654	0.00215878
0.895	0.00605163	0.00901249	0.00215734
0.896	0.00600596	0.00890336	0.00213245
0.897	0.00599624	0.0088297	0.00211624
0.898	0.00601188	0.00880114	0.0021136
0.899	0.00595948	0.00869332	0.00208472
0.9	0.00596215	0.00862457	0.00207698
0.901	0.00594127	0.00855219	0.00205599
0.902	0.00593688	0.00847478	0.00204863
0.903	0.00589857	0.00844324	0.00201575
0.904	0.00579024	0.0083208	0.00194628
0.905	0.00585188	0.00825733	0.00199665
0.906	0.0058533	0.00817856	0.00198258
0.907	0.00582121	0.00814442	0.00194292
0.908	0.00584879	0.00804235	0.00196884
0.909	0.0058342	0.00797917	0.00195183
0.91	0.00575045	0.00789002	0.00190106
0.911	0.00580399	0.00781742	0.00191592
0.912	0.00576259	0.00773435	0.0018836
0.913	0.0058322	0.00767365	0.00192632
0.914	0.00570898	0.0075768	0.0018348
0.915	0.00570397	0.00748779	0.00183513
0.916	0.00568194	0.0073918	0.00181438
0.917	0.00575771	0.00734302	0.0018509
0.918	0.00563876	0.00725044	0.00177377
0.919	0.00565476	0.00715976	0.00177819
0.92	0.00560543	0.00702723	0.00175577
0.921	0.00568392	0.00697697	0.0017754
0.922	0.0056537	0.00689205	0.00175582
0.923	0.00563587	0.00680187	0.00173634
0.924	0.0055237	0.00667255	0.00166729
0.925	0.00559485	0.00661036	0.00170079
0.926	0.00551387	0.00648953	0.00165456
0.927	0.00565405	0.00643223	0.00171452
0.928	0.00559174	0.00633432	0.00166595
0.929	0.00555225	0.00621478	0.00161391
0.93	0.00565199	0.00615281	0.00167798
0.931	0.00552745	0.00602104	0.00159309
0.932	0.00554469	0.00590534	0.00159
0.933	0.00553075	0.00579125	0.00157284
0.934	0.00552707	0.00572416	0.00156588
0.935	0.00551637	0.00557599	0.00154126
0.936	0.00558257	0.00551573	0.00155464
0.937	0.00557534	0.00539146	0.00155328
0.938	0.00553781	0.00526098	0.00151233
0.939	0.00553578	0.00516244	0.00149319
0.94	0.00561309	0.00504899	0.00150862
0.941	0.00558731	0.00496645	0.00147916
0.942	0.00552329	0.00481947	0.0014279
0.943	0.00559559	0.00470625	0.00144714
0.944	0.00569352	0.00462471	0.00146822
0.945	0.00573916	0.00452015	0.001481
0.946	0.00570147	0.00441001	0.00143897
0.947	0.00585804	0.00429498	0.00149053
0.948	0.0057358	0.00419388	0.00143273
0.949	0.00574052	0.00407415	0.00141154
0.95	0.00588099	0.00392628	0.00141642
0.951	0.00587562	0.00380186	0.00140827
0.952	0.00585895	0.00365608	0.00139489
0.953	0.005961	0.00356114	0.00138938
0.954	0.00603803	0.00343195	0.00140233
0.955	0.00598222	0.00332501	0.00136772
0.956	0.00609204	0.00321183	0.00136838
0.957	0.006164	0.00307952	0.00135045
0.958	0.00620901	0.00296678	0.00133994
0.959	0.00624299	0.00288587	0.00132889
0.96	0.0062736	0.00275337	0.00131553
0.961	0.00649637	0.00267222	0.00137248
0.962	0.00665868	0.00254329	0.00139732
0.963	0.00667096	0.00242736	0.00136619
0.964	0.00692722	0.00233369	0.00144497
0.965	0.00685537	0.00222067	0.00136358
0.966	0.00715901	0.00213589	0.00144675
0.967	0.00715843	0.0020064	0.00135602
0.968	0.00719045	0.00190563	0.00135823
0.969	0.00744443	0.00179421	0.00138227
0.97	0.00763007	0.00171477	0.00140139
0.971	0.00790242	0.00161146	0.00144427
0.972	0.00825589	0.00156003	0.00148412
0.973	0.0083783	0.00148828	0.00147005
0.974	0.00847385	0.001362	0.00143427
0.975	0.00896355	0.00128623	0.00146768
0.976	0.00937825	0.00126561	0.00160493
0.977	0.00978496	0.00118212	0.00166006
0.978	0.0103675	0.00108299	0.00167816
0.979	0.0108669	0.00102675	0.00179401
0.98	0.0113769	0.000989865	0.00177822
0.981	0.011962	0.000941251	0.00184143
0.982	0.0128887	0.00093731	0.00200633
0.983	0.0135425	0.000894972	0.00199567
0.984	0.0142335	0.000823314	0.00197224
0.985	0.0162498	0.000816149	0.00231438
0.986	0.0169166	0.000792603	0.00231316
0.987	0.0195928	0.000733043	0.00266333
0.988	0.0215841	0.000724209	0.0029635
0.989	0.0242943	0.000816162	0.00329689
0.99	0.0281209	0.000840064	0.00377606
0.991	0.0332197	0.000851437	0.00438907
0.992	0.0385929	0.000816358	0.00482431
0.993	0.0497071	0.00104565	0.00626514
0.994	0.0670922	0.00139231	0.00867213
0.995	0.0877405	0.00128277	0.0101407
0.996	0.127362	0.00176462	0.0149164
0.997	0.215021	0.00254681	0.0240357
0.998	0.46615	0.00546465	0.0529115
