c1   c2   cvar
0   0   1824.04533333
0   1   1808.47066667
0   2   1820.39866667
0   3   1828.97466667
0   5   1879.05066667
0   6   1802.40733333
0   7   1826.66
0   8   1814.04066667
0   10   1846.36866667
0   11   1847.20066667
0   12   1838.75066667
0   14   1833.49733333
0   15   1843.27266667
0   16   1832.99466667
0   17   1831.67666667
0   19   1850.96466667
0   20   1840.716
0   21   1840.08866667
0   23   1787.652
0   24   1787.652
0   25   1787.652
0   26   1787.652
0   28   1787.652
0   29   1787.652
0   30   1787.652
0   32   1787.652
      
6   0   1879.40333333
6   1   1881.336
6   2   1886.07333333
6   3   1891.134
6   5   1914.04533333
6   6   1936.24666667
6   7   1897.718
6   8   1835.55933333
6   10   1813.39733333
6   11   1814.30666667
6   12   1841.93466667
6   14   1870.95866667
6   15   1861.87466667
6   16   1869.38333333
6   17   1859.00133333
6   19   1839.348
6   20   1826.824
6   21   1832.602
6   23   1790.526
6   24   1790.526
6   25   1790.526
6   26   1790.526
6   28   1790.526
6   29   1790.526
6   30   1790.526
6   32   1790.526
      
13   0   1894.664
13   1   1901.146
13   2   1902.63666667
13   3   1898.42266667
13   5   1933.268
13   6   1923.338
13   7   1931.80333333
13   8   1799.42066667
13   10   1841.338
13   11   1824.49933333
13   12   1860.25066667
13   14   1892.01266667
13   15   1855.71933333
13   16   1855.75333333
13   17   1832.86333333
13   19   1858.61333333
13   20   1879.1
13   21   1883.89666667
13   23   1791.57866667
13   24   1791.57866667
13   25   1791.57866667
13   26   1791.57866667
13   28   1791.57866667
13   29   1791.57866667
13   30   1791.57866667
13   32   1791.57866667
      
19   0   1845.068
19   1   1838.184
19   2   1866.23866667
19   3   1824.48133333
19   5   1847.12466667
19   6   1886.114
19   7   1842.07733333
19   8   1845.11266667
19   10   1819.30266667
19   11   1839.176
19   12   1835.876
19   14   1835.55933333
19   15   1830.816
19   16   1841.27466667
19   17   1852.03533333
19   19   1855.504
19   20   1844.66933333
19   21   1821.58533333
19   23   1828.226
19   24   1828.226
19   25   1828.226
19   26   1828.226
19   28   1834.95266667
19   29   1834.95266667
19   30   1834.95266667
19   32   1834.95266667
      
26   0   1846.52266667
26   1   1887.62333333
26   2   1867.426
26   3   1833.41866667
26   5   1829.52066667
26   6   1849.89
26   7   1839.976
26   8   1829.602
26   10   1908.11533333
26   11   1916.534
26   12   1895.244
26   14   1920.038
26   15   1918.60266667
26   16   1911.71666667
26   17   1910.10666667
26   19   1893.53533333
26   20   1900.786
26   21   1888.032
26   23   1843.42466667
26   24   1843.42466667
26   25   1843.42466667
26   26   1843.42466667
26   28   1843.42466667
26   29   1843.42466667
26   30   1843.42466667
26   32   1843.42466667
      
32   0   1817.97333333
32   1   1857.16466667
32   2   1842.34266667
32   3   1853.75733333
32   5   1822.094
32   6   1827.07866667
32   7   1836.018
32   8   1810.43466667
32   10   1772.43933333
32   11   1794.04133333
32   12   1793.074
32   14   1838.27133333
32   15   1826.37666667
32   16   1817.64866667
32   17   1843.63666667
32   19   1849.402
32   20   1856.428
32   21   1870.094
32   23   1852.53466667
32   24   1852.53466667
32   25   1852.53466667
32   26   1852.53466667
32   28   1852.53466667
32   29   1852.53466667
32   30   1852.53466667
32   32   1852.53466667
      
39   0   1909.62466667
39   1   1879.832
39   2   1877.14666667
39   3   1859.80466667
39   5   1909.61
39   6   1890.05933333
39   7   1892.098
39   8   1828.68266667
39   10   1820.80333333
39   11   1810.61333333
39   12   1819.99866667
39   14   1873.882
39   15   1850.50533333
39   16   1837.33066667
39   17   1836.65466667
39   19   1830.35666667
39   20   1848.57266667
39   21   1860.492
39   23   1841.23666667
39   24   1841.23666667
39   25   1841.23666667
39   26   1841.23666667
39   28   1841.23666667
39   29   1841.23666667
39   30   1841.23666667
39   32   1841.23666667
      
45   0   1827.45866667
45   1   1821.304
45   2   1869.25466667
45   3   1821.23466667
45   5   1803.39533333
45   6   1828.27866667
45   7   1832.204
45   8   1856.14866667
45   10   1869.69533333
45   11   1901.97933333
45   12   1889.16666667
45   14   1847.302
45   15   1843.344
45   16   1826.774
45   17   1831.926
45   19   1871.09066667
45   20   1868.97466667
45   21   1880.31133333
45   23   1817.832
45   24   1817.832
45   25   1817.832
45   26   1817.832
45   28   1817.832
45   29   1817.832
45   30   1817.832
45   32   1817.832
      
52   0   1757.57733333
52   1   1782.14333333
52   2   1758.78266667
52   3   1796.44266667
52   5   1814.64466667
52   6   1800.10533333
52   7   1781.02
52   8   1784.712
52   10   1836.82666667
52   11   1843.63866667
52   12   1845.98866667
52   14   1836.37066667
52   15   1817.888
52   16   1856.66266667
52   17   1883.47933333
52   19   1845.79333333
52   20   1862.40533333
52   21   1847.54266667
52   23   1840.078
52   24   1840.078
52   25   1840.078
52   26   1840.078
52   28   1840.078
52   29   1840.078
52   30   1840.078
52   32   1840.078
      
59   0   1810.04133333
59   1   1789.61533333
59   2   1820.64
59   3   1788.27266667
59   5   1761.25466667
59   6   1779.12733333
59   7   1770.65333333
59   8   1845.05733333
59   10   1904.59266667
59   11   1889.79133333
59   12   1874.286
59   14   1873.392
59   15   1866.89866667
59   16   1908.884
59   17   1913.40266667
59   19   1922.50066667
59   20   1907.592
59   21   1904.16533333
59   23   1798.454
59   24   1798.454
59   25   1798.454
59   26   1798.454
59   28   1798.454
59   29   1798.454
59   30   1798.454
59   32   1798.454
      
65   0   1848.10133333
65   1   1807.41133333
65   2   1833.25066667
65   3   1794.31333333
65   5   1803.82933333
65   6   1782.87133333
65   7   1805.15
65   8   1769.48866667
65   10   1917.28466667
65   11   1909.21733333
65   12   1920.21666667
65   14   1941.28666667
65   15   1948.46533333
65   16   1932.96266667
65   17   1921.08933333
65   19   1942.76466667
65   20   1938.938
65   21   1948.388
65   23   1761.51266667
65   24   1761.51266667
65   25   1761.51266667
65   26   1761.51266667
65   28   1761.51266667
65   29   1761.51266667
65   30   1761.51266667
65   32   1761.51266667
      
72   0   1692.33
72   1   1641.006
72   2   1708.94333333
72   3   1701.57
72   5   1760.68733333
72   6   1717.90733333
72   7   1701.122
72   8   1785.054
72   10   1814.32533333
72   11   1804.78266667
72   12   1818.15733333
72   14   1807.594
72   15   1797.40466667
72   16   1796.69666667
72   17   1786.74133333
72   19   1778.68533333
72   20   1825.716
72   21   1742.48066667
72   23   1832.16666667
72   24   1832.16666667
72   25   1832.16666667
72   26   1832.16666667
72   28   1832.16666667
72   29   1832.16666667
72   30   1832.16666667
72   32   1832.16666667
      
78   0   1811.47933333
78   1   1847.07333333
78   2   1813.78733333
78   3   1787.50466667
78   5   1856.00533333
78   6   1841.95466667
78   7   1845.84666667
78   8   1849.026
78   10   1857.88
78   11   1856.64933333
78   12   1825.13133333
78   14   1803.16133333
78   15   1811.98733333
78   16   1806.24733333
78   17   1804.45733333
78   19   1811.43733333
78   20   1813.00333333
78   21   1818.89333333
78   23   1832.16466667
78   24   1832.16466667
78   25   1832.16466667
78   26   1832.16466667
78   28   1832.16466667
78   29   1832.16466667
78   30   1832.16466667
78   32   1832.16466667
      
85   0   1802.32133333
85   1   1842.84933333
85   2   1820.54866667
85   3   1786.46466667
85   5   1876.26133333
85   6   1875.31466667
85   7   1864.59333333
85   8   1765.30733333
85   10   1816.314
85   11   1827.34
85   12   1819.51266667
85   14   1821.768
85   15   1818.14733333
85   16   1829.662
85   17   1830.734
85   19   1833.18666667
85   20   1830.82533333
85   21   1844.834
85   23   1779.588
85   24   1779.588
85   25   1779.588
85   26   1779.588
85   28   1779.588
85   29   1791.936
85   30   1791.936
85   32   1779.588
      
91   0   1812.98133333
91   1   1812.98133333
91   2   1832.93733333
91   3   1816.634
91   5   1794.42066667
91   6   1789.65533333
91   7   1808.392
91   8   1818.66666667
91   10   1837.794
91   11   1833.50333333
91   12   1811.76733333
91   14   1809.956
91   15   1833.92266667
91   16   1833.614
91   17   1835.91133333
91   19   1838.82866667
91   20   1819.76133333
91   21   1835.80333333
91   23   1810.51933333
91   24   1810.26666667
91   25   1810.26666667
91   26   1810.26666667
91   28   1810.26666667
91   29   1810.26666667
91   30   1810.26666667
91   32   1810.26666667
      
98   0   1821.76133333
98   1   1802.726
98   2   1795.13733333
98   3   1808.438
98   5   1789.78266667
98   6   1769.532
98   7   1789.062
98   8   1798.202
98   10   1825.61866667
98   11   1834.60266667
98   12   1841.48666667
98   14   1839.51066667
98   15   1827.136
98   16   1837.71066667
98   17   1836.93133333
98   19   1849.49133333
98   20   1831.932
98   21   1843.88666667
98   23   1807.60333333
98   24   1807.60333333
98   25   1807.60333333
98   26   1807.60333333
98   28   1807.60333333
98   29   1807.60333333
98   30   1807.60333333
98   32   1807.60333333
      
104   0   1819.962
104   1   1821.80866667
104   2   1794.33333333
104   3   1803.84066667
104   5   1840.93733333
104   6   1796.23333333
104   7   1828.60066667
104   8   1842.968
104   10   1833.34533333
104   11   1831.35533333
104   12   1853.41733333
104   14   1834.222
104   15   1827.05
104   16   1825.44933333
104   17   1854.47733333
104   19   1863.02466667
104   20   1848.90266667
104   21   1836.36533333
104   23   1764.58866667
104   24   1764.58866667
104   25   1764.58866667
104   26   1764.58866667
104   28   1764.58866667
104   29   1764.58866667
104   30   1764.58866667
104   32   1764.58866667
      
111   0   1801.89333333
111   1   1828.954
111   2   1818.79066667
111   3   1798.26066667
111   5   1826.26866667
111   6   1799.21066667
111   7   1824.038
111   8   1839.754
111   10   1824.688
111   11   1841.11733333
111   12   1849.07866667
111   14   1856.50533333
111   15   1839.31466667
111   16   1823.70733333
111   17   1849.00466667
111   19   1857.488
111   20   1827.66333333
111   21   1832.79533333
111   23   1772.916
111   24   1772.916
111   25   1772.916
111   26   1772.916
111   28   1772.916
111   29   1772.916
111   30   1772.916
111   32   1772.916
      
118   0   1800.90866667
118   1   1824.08666667
118   2   1824.65266667
118   3   1794.50266667
118   5   1819.88533333
118   6   1791.97533333
118   7   1819.052
118   8   1836.29133333
118   10   1823.37533333
118   11   1842.15533333
118   12   1849.38466667
118   14   1841.23
118   15   1834.59266667
118   16   1818.98533333
118   17   1843.48266667
118   19   1857.37733333
118   20   1823.99266667
118   21   1829.11733333
118   23   1767.84933333
118   24   1767.84933333
118   25   1767.84933333
118   26   1767.84933333
118   28   1767.84933333
118   29   1767.84933333
118   30   1767.84933333
118   32   1767.84933333
      
124   0   1803.30333333
124   1   1824.08666667
124   2   1824.65266667
124   3   1795.79866667
124   5   1819.88533333
124   6   1786.99066667
124   7   1819.052
124   8   1836.29133333
124   10   1822.49
124   11   1842.15533333
124   12   1849.38466667
124   14   1841.37933333
124   15   1833.44066667
124   16   1816.7
124   17   1845.93066667
124   19   1857.37733333
124   20   1824.77
124   21   1829.89466667
124   23   1763.26666667
124   24   1763.26666667
124   25   1763.26666667
124   26   1763.26666667
124   28   1763.26666667
124   29   1763.26666667
124   30   1763.26666667
124   32   1763.26666667
      
131   0   1801.406
131   1   1802.11466667
131   2   1794.52333333
131   3   1813.95066667
131   5   1801.00333333
131   6   1815.624
131   7   1803.04066667
131   8   1808.484
131   10   1736.58333333
131   11   1738.38133333
131   12   1724.88266667
131   14   1725.46933333
131   15   1754.31866667
131   16   1723.512
131   17   1725.59
131   19   1722.18866667
131   20   1693.78533333
131   21   1704.76133333
131   23   1786.944
131   24   1786.944
131   25   1786.944
131   26   1786.944
131   28   1786.944
131   29   1786.944
131   30   1786.944
131   32   1786.944
      
137   0   1801.406
137   1   1802.11466667
137   2   1788.05666667
137   3   1807.484
137   5   1794.53666667
137   6   1809.15733333
137   7   1802.79066667
137   8   1808.484
137   10   1736.58333333
137   11   1738.38133333
137   12   1724.88266667
137   14   1725.46933333
137   15   1754.31866667
137   16   1723.512
137   17   1725.59
137   19   1720.03666667
137   20   1693.78533333
137   21   1704.76133333
137   23   1786.944
137   24   1786.944
137   25   1786.944
137   26   1786.944
137   28   1786.944
137   29   1786.944
137   30   1786.944
137   32   1786.944
      
144   0   1801.406
144   1   1802.11466667
144   2   1788.05666667
144   3   1807.484
144   5   1794.53666667
144   6   1809.15733333
144   7   1802.79066667
144   8   1808.484
144   10   1736.58333333
144   11   1738.38133333
144   12   1723.658
144   14   1725.46933333
144   15   1754.31866667
144   16   1723.512
144   17   1725.59
144   19   1720.03666667
144   20   1693.78533333
144   21   1704.76133333
144   23   1786.944
144   24   1786.944
144   25   1786.944
144   26   1786.944
144   28   1786.944
144   29   1786.944
144   30   1786.944
144   32   1786.944
      
150   0   1801.406
150   1   1802.11466667
150   2   1788.05666667
150   3   1807.484
150   5   1794.53666667
150   6   1809.15733333
150   7   1802.79066667
150   8   1808.484
150   10   1736.58333333
150   11   1738.38133333
150   12   1723.658
150   14   1725.46933333
150   15   1754.31866667
150   16   1723.512
150   17   1725.59
150   19   1720.03666667
150   20   1693.78533333
150   21   1704.76133333
150   23   1787.03666667
150   24   1787.03666667
150   25   1787.03666667
150   26   1787.03666667
150   28   1787.03666667
150   29   1787.03666667
150   30   1787.03666667
150   32   1787.03666667
      
157   0   1801.406
157   1   1802.11466667
157   2   1788.05666667
157   3   1807.484
157   5   1794.53666667
157   6   1809.15733333
157   7   1802.79066667
157   8   1810.37866667
157   10   1736.58333333
157   11   1738.38133333
157   12   1723.658
157   14   1725.46933333
157   15   1754.31866667
157   16   1723.512
157   17   1725.59
157   19   1720.03666667
157   20   1693.78533333
157   21   1704.76133333
157   23   1787.03666667
157   24   1787.03666667
157   25   1787.03666667
157   26   1787.03666667
157   28   1787.03666667
157   29   1787.03666667
157   30   1787.03666667
157   32   1787.03666667
      
164   0   1801.406
164   1   1802.11466667
164   2   1788.05666667
164   3   1807.484
164   5   1794.53666667
164   6   1809.15733333
164   7   1802.79066667
164   8   1810.37866667
164   10   1736.58333333
164   11   1741.254
164   12   1723.658
164   14   1725.46933333
164   15   1754.31866667
164   16   1723.512
164   17   1725.59
164   19   1720.03666667
164   20   1693.78533333
164   21   1704.76133333
164   23   1787.03666667
164   24   1787.03666667
164   25   1787.03666667
164   26   1787.03666667
164   28   1787.03666667
164   29   1787.03666667
164   30   1787.03666667
164   32   1787.03666667
