c1 c2 smp ex se sd  min max var cvar
0  0  300  1339.89616667  281.989819882  16.2806898417  560.83  1961.22  1750.0  1824.04533333 
0  10  300  1369.0871  259.021343783  14.9546042559  613.78  1986.0  1762.85  1846.36866667 
0  20  300  1358.1923  260.57408647  15.0442518967  553.07  1986.0  1754.95  1840.716 
0  30  300  1316.11346667  254.294518759  14.6817008859  527.25  2059.78  1717.41  1787.652 
0  40  300  1316.37593333  254.321287333  14.6832463702  527.25  2059.78  1717.41  1787.652 
0  50  300  1316.37593333  254.321287333  14.6832463702  527.25  2059.78  1717.41  1787.652 
0  60  300  1316.37593333  254.321287333  14.6832463702  527.25  2059.78  1717.41  1787.652 
0  70  300  1316.37593333  254.321287333  14.6832463702  527.25  2059.78  1717.41  1787.652 
0  80  300  1316.37593333  254.321287333  14.6832463702  527.25  2059.78  1717.41  1787.652 
0  90  300  1316.37593333  254.321287333  14.6832463702  527.25  2059.78  1717.41  1787.652 
0  100  300  1316.37593333  254.321287333  14.6832463702  527.25  2059.78  1717.41  1787.652 
15  0  300  1418.036  255.988025574  14.7794755475  568.71  2108.0  1829.0  1919.64466667 
15  10  300  1255.21776667  276.440556992  15.9603029994  534.32  1989.37  1690.41  1777.90266667 
15  20  300  1275.07643333  294.149337366  16.982719911  481.66  2019.88  1759.81  1849.65466667 
15  30  300  1341.08223333  289.921689854  16.7386365681  16.92  1918.25  1793.84  1843.378 
15  40  300  1340.99406667  289.961982773  16.7409628809  16.92  1918.25  1793.84  1843.378 
15  50  300  1340.99406667  289.961982773  16.7409628809  16.92  1918.25  1793.84  1843.378 
15  60  300  1340.99406667  289.961982773  16.7409628809  16.92  1918.25  1793.84  1843.378 
15  70  300  1340.99406667  289.961982773  16.7409628809  16.92  1918.25  1793.84  1843.378 
15  80  300  1340.99406667  289.961982773  16.7409628809  16.92  1918.25  1793.84  1843.378 
15  90  300  1340.99406667  289.961982773  16.7409628809  16.92  1918.25  1793.84  1843.378 
15  100  300  1340.99406667  289.961982773  16.7409628809  16.92  1918.25  1793.84  1843.378 
30  0  300  1335.05973333  273.896665222  15.8134313396  616.18  2003.5  1772.69  1860.92666667 
30  10  300  1320.25583333  290.882031482  16.7940819178  415.0  1981.22  1784.76  1859.88933333 
30  20  300  1308.62566667  287.580710156  16.6034800422  494.11  1983.11  1787.77  1853.162 
30  30  300  1275.70413333  301.523314799  17.4084566966  414.87  2123.37  1754.0  1863.44533333 
30  40  300  1274.9732  302.418839078  17.460159815  414.87  2123.37  1754.0  1863.44533333 
30  50  300  1274.9732  302.418839078  17.460159815  414.87  2123.37  1754.0  1863.44533333 
30  60  300  1274.9732  302.418839078  17.460159815  414.87  2123.37  1754.0  1863.44533333 
30  70  300  1274.9732  302.418839078  17.460159815  414.87  2123.37  1754.0  1863.44533333 
30  80  300  1274.9732  302.418839078  17.460159815  414.87  2123.37  1754.0  1863.44533333 
30  90  300  1274.9732  302.418839078  17.460159815  414.87  2123.37  1754.0  1863.44533333 
30  100  300  1274.9732  302.418839078  17.460159815  414.87  2123.37  1754.0  1863.44533333 
45  0  300  1319.23093333  288.689132384  16.6674748294  503.06  1932.0  1748.6  1827.45866667 
45  10  300  1325.91223333  292.981234952  16.9152794867  286.0  1993.17  1785.0  1869.69533333 
45  20  300  1295.0608  300.678720713  17.3596940343  146.0  1987.38  1747.44  1868.97466667 
45  30  300  1315.58393333  281.895232768  16.2752288522  514.64  1967.14  1726.95  1817.832 
45  40  300  1315.69393333  281.87848462  16.2742618974  514.64  1967.14  1726.95  1817.832 
45  50  300  1315.69393333  281.87848462  16.2742618974  514.64  1967.14  1726.95  1817.832 
45  60  300  1315.69393333  281.87848462  16.2742618974  514.64  1967.14  1726.95  1817.832 
45  70  300  1315.69393333  281.87848462  16.2742618974  514.64  1967.14  1726.95  1817.832 
45  80  300  1315.69393333  281.87848462  16.2742618974  514.64  1967.14  1726.95  1817.832 
45  90  300  1315.69393333  281.87848462  16.2742618974  514.64  1967.14  1726.95  1817.832 
45  100  300  1315.69393333  281.87848462  16.2742618974  514.64  1967.14  1726.95  1817.832 
60  0  300  1287.40146667  270.466613317  15.6153972005  670.62  2019.25  1735.09  1813.66733333 
60  10  300  1392.95543333  312.63263982  18.0498538758  256.0  2051.84  1843.18  1909.58 
60  20  300  1377.5481  306.578165758  17.7002986528  430.92  2051.84  1843.18  1925.29066667 
60  30  300  1359.8122  280.271224343  16.181466682  611.48  1925.68  1810.0  1875.322 
60  40  300  1359.8122  280.271224343  16.181466682  611.48  1925.68  1810.0  1875.322 
60  50  300  1359.8122  280.271224343  16.181466682  611.48  1925.68  1810.0  1875.322 
60  60  300  1359.8122  280.271224343  16.181466682  611.48  1925.68  1810.0  1875.322 
60  70  300  1359.8122  280.271224343  16.181466682  611.48  1925.68  1810.0  1875.322 
60  80  300  1359.8122  280.271224343  16.181466682  611.48  1925.68  1810.0  1875.322 
60  90  300  1359.8122  280.271224343  16.181466682  611.48  1925.68  1810.0  1875.322 
60  100  300  1359.8122  280.271224343  16.181466682  611.48  1925.68  1810.0  1875.322 
75  0  300  1240.43383333  284.945251914  16.4513217897  494.45  1925.0  1699.39  1804.412 
75  10  300  1402.9759  252.690849476  14.5891129967  710.46  1960.07  1812.14  1865.39 
75  20  300  1412.81516667  250.891480255  14.4852263662  633.17  1941.0  1768.98  1831.616 
75  30  300  1209.82906667  313.585201281  18.1048500373  79.76  2033.43  1706.95  1832.47133333 
75  40  300  1209.82906667  313.585201281  18.1048500373  79.76  2033.43  1706.95  1832.47133333 
75  50  300  1209.82906667  313.585201281  18.1048500373  79.76  2033.43  1706.95  1832.47133333 
75  60  300  1209.82906667  313.585201281  18.1048500373  79.76  2033.43  1706.95  1832.47133333 
75  70  300  1209.82906667  313.585201281  18.1048500373  79.76  2033.43  1706.95  1832.47133333 
75  80  300  1209.82906667  313.585201281  18.1048500373  79.76  2033.43  1706.95  1832.47133333 
75  90  300  1209.82906667  313.585201281  18.1048500373  79.76  2033.43  1706.95  1832.47133333 
75  100  300  1209.82906667  313.585201281  18.1048500373  79.76  2033.43  1706.95  1832.47133333 
90  0  300  1238.73153333  312.88861578  18.0646326547  382.06  2098.0  1726.25  1867.78466667 
90  10  300  1412.2887  240.701925457  13.8969321457  59.1  1946.0  1769.0  1836.68266667 
90  20  300  1398.03466667  268.322126522  15.4915851977  59.1  1946.0  1756.0  1824.77 
90  30  300  1260.84116667  297.617757208  17.182969224  396.18  2021.28  1751.0  1834.00533333 
90  40  300  1260.46463333  297.443378087  17.1729014407  396.18  2021.28  1751.0  1834.00533333 
90  50  300  1260.46463333  297.443378087  17.1729014407  396.18  2021.28  1751.0  1834.00533333 
90  60  300  1260.46463333  297.443378087  17.1729014407  396.18  2021.28  1751.0  1834.00533333 
90  70  300  1260.46463333  297.443378087  17.1729014407  396.18  2021.28  1751.0  1834.00533333 
90  80  300  1260.46463333  297.443378087  17.1729014407  396.18  2021.28  1751.0  1834.00533333 
90  90  300  1260.46463333  297.443378087  17.1729014407  396.18  2021.28  1751.0  1834.00533333 
90  100  300  1260.46463333  297.443378087  17.1729014407  396.18  2021.28  1751.0  1834.00533333 
105  0  300  1228.58453333  309.88150613  17.8910170981  89.36  2010.85  1729.0  1822.38866667 
105  10  300  1395.9102  263.965868104  15.2400765007  59.1  1973.0  1755.37  1825.52 
105  20  300  1395.9212  255.244564049  14.7365517763  59.1  1946.37  1735.0  1828.68733333 
105  30  300  1263.6492  280.850735197  16.2149247568  501.42  1926.74  1710.53  1770.348 
105  40  300  1264.04253333  280.932904289  16.2196687915  501.42  1926.74  1710.53  1770.348 
105  50  300  1264.04253333  280.932904289  16.2196687915  501.42  1926.74  1710.53  1770.348 
105  60  300  1264.04253333  280.932904289  16.2196687915  501.42  1926.74  1710.53  1770.348 
105  70  300  1264.04253333  280.932904289  16.2196687915  501.42  1926.74  1710.53  1770.348 
105  80  300  1264.04253333  280.932904289  16.2196687915  501.42  1926.74  1710.53  1770.348 
105  90  300  1264.04253333  280.932904289  16.2196687915  501.42  1926.74  1710.53  1770.348 
105  100  300  1264.04253333  280.932904289  16.2196687915  501.42  1926.74  1710.53  1770.348 
120  0  300  1224.68666667  309.57343558  17.8732306366  89.36  2010.85  1704.34  1800.90866667 
120  10  300  1399.16843333  268.185632316  15.483704701  59.1  1941.0  1773.0  1823.37533333 
120  20  300  1412.58936667  251.181669748  14.5019804644  59.1  1941.0  1747.0  1824.77 
120  30  300  1254.25126667  273.269383689  15.7772152234  490.71  1926.74  1697.26  1767.84933333 
120  40  300  1254.6446  273.367354222  15.7828715548  490.71  1926.74  1697.26  1767.84933333 
120  50  300  1254.6446  273.367354222  15.7828715548  490.71  1926.74  1697.26  1767.84933333 
120  60  300  1254.6446  273.367354222  15.7828715548  490.71  1926.74  1697.26  1767.84933333 
120  70  300  1254.6446  273.367354222  15.7828715548  490.71  1926.74  1697.26  1767.84933333 
120  80  300  1254.6446  273.367354222  15.7828715548  490.71  1926.74  1697.26  1767.84933333 
120  90  300  1254.6446  273.367354222  15.7828715548  490.71  1926.74  1697.26  1767.84933333 
120  100  300  1254.6446  273.367354222  15.7828715548  490.71  1926.74  1697.26  1767.84933333 
135  0  300  1236.29076667  306.706846737  17.7077280526  147.0  1891.78  1699.0  1801.406 
135  10  300  1222.46246667  278.265993827  16.0656946442  118.58  1882.75  1668.0  1736.58333333 
135  20  300  1195.39096667  284.403422419  16.4200392492  118.58  1902.85  1616.75  1693.78533333 
135  30  300  1287.0463  294.313858824  16.9922185618  341.04  1913.37  1717.0  1786.944 
135  40  300  1287.23673333  294.257757217  16.9889795341  341.04  1913.37  1717.0  1786.944 
135  50  300  1287.23673333  294.257757217  16.9889795341  341.04  1913.37  1717.0  1786.944 
135  60  300  1287.23673333  294.257757217  16.9889795341  341.04  1913.37  1717.0  1786.944 
135  70  300  1287.23673333  294.257757217  16.9889795341  341.04  1913.37  1717.0  1786.944 
135  80  300  1287.23673333  294.257757217  16.9889795341  341.04  1913.37  1717.0  1786.944 
135  90  300  1287.23673333  294.257757217  16.9889795341  341.04  1913.37  1717.0  1786.944 
135  100  300  1287.23673333  294.257757217  16.9889795341  341.04  1913.37  1717.0  1786.944 
150  0  300  1237.46223333  306.623006897  17.7028875572  147.0  1891.78  1699.0  1801.406 
150  10  300  1223.98703333  279.544481287  16.1395081522  118.58  1882.75  1668.0  1736.58333333 
150  20  300  1199.03223333  283.338638388  16.3585639145  118.58  1902.85  1616.75  1693.78533333 
150  30  300  1284.49776667  295.315215251  17.0500319021  341.04  1913.37  1721.89  1787.03666667 
150  40  300  1284.6882  295.260947632  17.0468987597  341.04  1913.37  1721.89  1787.03666667 
150  50  300  1284.6882  295.260947632  17.0468987597  341.04  1913.37  1721.89  1787.03666667 
150  60  300  1284.6882  295.260947632  17.0468987597  341.04  1913.37  1721.89  1787.03666667 
150  70  300  1284.6882  295.260947632  17.0468987597  341.04  1913.37  1721.89  1787.03666667 
150  80  300  1284.6882  295.260947632  17.0468987597  341.04  1913.37  1721.89  1787.03666667 
150  90  300  1284.6882  295.260947632  17.0468987597  341.04  1913.37  1721.89  1787.03666667 
150  100  300  1284.6882  295.260947632  17.0468987597  341.04  1913.37  1721.89  1787.03666667 
