x1 x2 ex sd se min max var cvar
0  0  300  1339.89616667  281.989819882  16.2806898417  560.83  1961.22  1750.0  1824.04533333 
50.0  0.0  300  1227.94996667  296.882101504  17.1404961221  448.14  2034.0  1694.61  1791.65533333 
-50.0  0.0  300  1452.53916667  238.910903712  13.793527457  779.64  2012.11  1819.0  1879.48533333 
0.0  50.0  300  1316.37593333  254.321287333  14.6832463702  527.25  2059.78  1717.41  1787.652 
0.0  -50.0  300  1297.74946667  286.659923077  16.5503183754  563.71  1995.0  1761.91  1844.698 
50.0  0.0  300  1227.94996667  296.882101504  17.1404961221  448.14  2034.0  1694.61  1791.65533333 
100.0  0.0  300  1236.99586667  306.879698004  17.7177076251  421.42  1980.0  1704.34  1816.29866667 
0.0  0.0  300  1339.89616667  281.989819882  16.2806898417  560.83  1961.22  1750.0  1824.04533333 
50.0  50.0  300  1337.71336667  275.856577208  15.9265869109  688.35  2078.14  1804.0  1875.068 
50.0  -50.0  300  1228.2186  304.145170037  17.5598295793  100.92  1997.0  1697.0  1792.992 
50.0  0.0  300  1227.94996667  296.882101504  17.1404961221  448.14  2034.0  1694.61  1791.65533333 
75.0  0.0  300  1240.43383333  284.945251914  16.4513217897  494.45  1925.0  1699.39  1804.412 
25.0  0.0  300  1359.57403333  276.455826978  15.9611846125  271.07  2043.24  1795.45  1857.39466667 
50.0  25.0  300  1337.71336667  275.856577208  15.9265869109  688.35  2078.14  1804.0  1875.068 
50.0  -25.0  300  1362.94216667  274.152475093  15.8282005294  677.37  1969.78  1778.0  1833.462 
50.0  0.0  300  1227.94996667  296.882101504  17.1404961221  448.14  2034.0  1694.61  1791.65533333 
62.5  0.0  300  1280.51653333  273.267783819  15.7771228549  493.42  2064.0  1713.11  1810.04466667 
37.5  0.0  300  1348.4169  303.792885393  17.539490416  522.8  2092.36  1819.93  1906.934 
50.0  12.5  300  1366.5558  287.596586538  16.6043966656  371.0  1945.0  1775.75  1849.882 
50.0  -12.5  300  1339.18306667  303.793235147  17.539510609  698.27  2020.0  1825.0  1917.94466667 
50.0  0.0  300  1227.94996667  296.882101504  17.1404961221  448.14  2034.0  1694.61  1791.65533333 
56.25  0.0  300  1296.5873  261.347394057  15.0888988311  341.52  2106.25  1714.1  1802.64133333 
43.75  0.0  300  1303.86556667  296.423100481  17.1139956857  503.06  1964.0  1744.0  1839.884 
50.0  6.25  300  1292.47983333  295.291284977  17.0486502871  64.19  1921.0  1740.46  1818.33666667 
50.0  -6.25  300  1284.31266667  277.485947206  16.0206586316  537.85  1899.0  1693.11  1783.756 
50.0  0.0  300  1227.94996667  296.882101504  17.1404961221  448.14  2034.0  1694.61  1791.65533333 
53.125  0.0  300  1215.36936667  296.391287646  17.1121589708  128.67  2006.0  1704.0  1804.74133333 
46.875  0.0  300  1321.4179  286.699650139  16.5526120184  495.36  2025.0  1751.37  1866.67866667 
50.0  3.125  300  1280.93936667  274.010219283  15.8199873863  202.92  1954.36  1697.36  1785.306 
50.0  -3.125  300  1266.22276667  268.288351185  15.4896351777  523.28  1921.52  1721.79  1790.30066667 
53.125  0.0  300  1215.36936667  296.391287646  17.1121589708  128.67  2006.0  1704.0  1804.74133333 
56.25  0.0  300  1296.5873  261.347394057  15.0888988311  341.52  2106.25  1714.1  1802.64133333 
50.0  0.0  300  1227.94996667  296.882101504  17.1404961221  448.14  2034.0  1694.61  1791.65533333 
53.125  3.125  300  1258.53256667  275.527115942  15.9075654558  482.0  2026.0  1697.11  1784.61533333 
53.125  -3.125  300  1267.28576667  287.683545728  16.6094172567  480.27  1925.87  1727.0  1802.90133333 
53.125  0.0  300  1215.36936667  296.391287646  17.1121589708  128.67  2006.0  1704.0  1804.74133333 
54.6875  0.0  300  1222.93123333  296.917348136  17.1425310873  336.4  1879.44  1712.09  1802.17133333 
51.5625  0.0  300  1219.1275  295.79560676  17.0777673188  547.51  1968.63  1694.61  1769.60133333 
53.125  1.5625  300  1245.62806667  294.327869753  16.9930274832  483.25  2034.0  1720.4  1810.69066667 
53.125  -1.5625  300  1198.66483333  295.852416147  17.0810472103  88.7  1990.0  1645.76  1779.56 
53.125  -1.5625  300  1198.66483333  295.852416147  17.0810472103  88.7  1990.0  1645.76  1779.56 
54.6875  -1.5625  300  1226.53866667  310.16438421  17.9073490717  88.7  1990.0  1784.93  1843.91733333 
51.5625  -1.5625  300  1299.69336667  291.817330952  16.8480814579  287.14  1972.0  1750.0  1860.77733333 
53.125  0.0  300  1215.36936667  296.391287646  17.1121589708  128.67  2006.0  1704.0  1804.74133333 
53.125  -3.125  300  1267.28576667  287.683545728  16.6094172567  480.27  1925.87  1727.0  1802.90133333 
53.125  -1.5625  300  1198.66483333  295.852416147  17.0810472103  88.7  1990.0  1645.76  1779.56 
53.90625  -1.5625  300  1203.7573  307.174571825  17.7347321731  88.7  2006.0  1651.0  1807.40133333 
52.34375  -1.5625  300  1218.3571  297.217162259  17.1598408638  88.7  1990.0  1674.1  1773.33466667 
53.125  -0.78125  300  1218.6545  292.280417896  16.8748177951  88.7  1990.0  1682.85  1786.94466667 
53.125  -2.34375  300  1319.0655  295.501902563  17.0608102991  584.54  2024.0  1829.82  1927.904 
53.125  -1.5625  300  1198.66483333  295.852416147  17.0810472103  88.7  1990.0  1645.76  1779.56 
53.515625  -1.5625  300  1199.2862  302.330478304  17.4550583033  88.7  2006.0  1670.0  1820.93466667 
52.734375  -1.5625  300  1205.9962  297.328123959  17.1662472405  88.7  1990.0  1659.0  1781.424 
53.125  -1.171875  300  1211.74906667  288.701141102  16.6681681531  88.7  1990.85  1690.69  1802.34466667 
53.125  -1.953125  300  1331.21123333  293.38535698  16.9386114829  584.54  2024.0  1803.16  1913.25133333 
53.125  -1.5625  300  1198.66483333  295.852416147  17.0810472103  88.7  1990.0  1645.76  1779.56 
53.3203125  -1.5625  300  1196.89593333  295.964884051  17.0875405478  88.7  2006.0  1646.98  1796.912 
52.9296875  -1.5625  300  1209.54036667  296.007896901  17.0900238958  88.7  1990.0  1674.1  1786.13066667 
53.125  -1.3671875  300  1208.36433333  285.864677465  16.5044048486  88.7  1990.0  1644.05  1761.75333333 
53.125  -1.7578125  300  1204.98886667  286.658875538  16.5502578957  420.67  1990.0  1682.11  1784.304 
53.3203125  -1.5625  300  1196.89593333  295.964884051  17.0875405478  88.7  2006.0  1646.98  1796.912 
53.515625  -1.5625  300  1199.2862  302.330478304  17.4550583033  88.7  2006.0  1670.0  1820.93466667 
53.125  -1.5625  300  1198.66483333  295.852416147  17.0810472103  88.7  1990.0  1645.76  1779.56 
53.3203125  -1.3671875  300  1208.5437  285.906685425  16.5068301793  88.7  2006.0  1644.75  1772.45533333 
53.3203125  -1.7578125  300  1206.6283  289.009391216  16.6859649817  420.67  2006.0  1702.25  1800.02666667 
53.3203125  -1.5625  300  1196.89593333  295.964884051  17.0875405478  88.7  2006.0  1646.98  1796.912 
53.41796875  -1.5625  300  1202.94483333  300.276908291  17.3364953833  88.7  2006.0  1646.98  1800.43066667 
53.22265625  -1.5625  300  1192.6911  296.31753974  17.1079011335  88.7  2006.0  1645.76  1786.726 
53.3203125  -1.46484375  300  1208.9176  286.664132543  16.5505614091  88.7  2006.0  1646.98  1792.96 
53.3203125  -1.66015625  300  1199.35263333  290.754173298  16.7867000221  420.67  2006.0  1682.11  1801.87533333 
53.22265625  -1.5625  300  1192.6911  296.31753974  17.1079011335  88.7  2006.0  1645.76  1786.726 
53.3203125  -1.5625  300  1196.89593333  295.964884051  17.0875405478  88.7  2006.0  1646.98  1796.912 
53.125  -1.5625  300  1198.66483333  295.852416147  17.0810472103  88.7  1990.0  1645.76  1779.56 
53.22265625  -1.46484375  300  1202.2968  284.539276069  16.4278827633  88.7  2006.0  1644.05  1778.31666667 
53.22265625  -1.66015625  300  1194.17633333  290.319996508  16.7616328135  420.67  1990.0  1673.95  1788.64933333 
