name smp ex sd se min max var cvar
0 1500 1336.68 273.864 7.07 445.21 2046 1760.0 1837.86
1 1500 1336.68 273.864 7.07 445.21 2046 1760.0 1837.86
2 1500 1336.68 273.864 7.07 445.21 2046 1760.0 1837.86
3 1500 1336.68 273.864 7.07 445.21 2046 1760.0 1837.86
4 1500 1336.68 273.864 7.07 445.21 2046 1760.0 1837.86
5 1500 1336.68 273.864 7.07 445.21 2046 1760.0 1837.86
6 1500 1336.68 273.864 7.07 445.21 2046 1760.0 1837.86
7 1500 1336.68 273.864 7.07 445.21 2046 1760.0 1837.86
8 1500 1336.68 273.864 7.07 445.21 2046 1760.0 1837.86
9 1500 1336.68 273.864 7.07 445.21 2046 1760.0 1837.86
10 1500 1336.68 273.864 7.07 445.21 2046 1760.0 1837.86
11 1500 1336.68 273.864 7.07 445.21 2046 1760.0 1837.86
12 1500 1336.68 273.864 7.07 445.21 2046 1760.0 1837.86
13 1500 1336.68 273.864 7.07 445.21 2046 1760.0 1837.86
14 1500 1336.68 273.864 7.07 445.21 2046 1760.0 1837.86
15 1500 1336.68 273.864 7.07 445.21 2046 1760.0 1837.86
16 1500 1336.68 273.864 7.07 445.21 2046 1760.0 1837.86
17 1500 1336.68 273.864 7.07 445.21 2046 1760.0 1837.86
18 1500 1336.68 273.864 7.07 445.21 2046 1760.0 1837.86
19 1500 1336.68 273.864 7.07 445.21 2046 1760.0 1837.86
20 1500 1336.68 273.864 7.07 445.21 2046 1760.0 1837.86
21 1500 1336.68 273.864 7.07 445.21 2046 1760.0 1837.86
22 1500 1336.68 273.864 7.07 445.21 2046 1760.0 1837.86
23 1500 1336.68 273.864 7.07 445.21 2046 1760.0 1837.86
24 1500 1336.68 273.864 7.07 445.21 2046 1760.0 1837.86
25 1500 1336.68 273.864 7.07 445.21 2046 1760.0 1837.86
26 1500 1336.68 273.864 7.07 445.21 2046 1760.0 1837.86
27 1500 1336.68 273.864 7.07 445.21 2046 1760.0 1837.86
28 1500 1336.68 273.864 7.07 445.21 2046 1760.0 1837.86
29 1500 1336.68 273.864 7.07 445.21 2046 1760.0 1837.86
30 1500 1336.68 273.864 7.07 445.21 2046 1760.0 1837.86
31 1500 1336.68 273.864 7.07 445.21 2046 1760.0 1837.86
32 1500 1336.68 273.864 7.07 445.21 2046 1760.0 1837.86
33 1500 1336.68 273.864 7.07 445.21 2046 1760.0 1837.86
34 1500 1336.68 273.864 7.07 445.21 2046 1760.0 1837.86
35 1500 1336.68 273.864 7.07 445.21 2046 1760.0 1837.86
36 1500 1336.68 273.864 7.07 445.21 2046 1760.0 1837.86
37 1500 1336.68 273.864 7.07 445.21 2046 1760.0 1837.86
38 1500 1336.68 273.864 7.07 445.21 2046 1760.0 1837.86
39 1500 1336.68 273.864 7.07 445.21 2046 1760.0 1837.86
40 1500 1336.68 273.864 7.07 445.21 2046 1760.0 1837.86
41 1500 1336.68 273.864 7.07 445.21 2046 1760.0 1837.86
42 1500 1336.68 273.864 7.07 445.21 2046 1760.0 1837.86
43 1500 1336.68 273.864 7.07 445.21 2046 1760.0 1837.86
44 1500 1336.68 273.864 7.07 445.21 2046 1760.0 1837.86
45 1500 1336.68 273.864 7.07 445.21 2046 1760.0 1837.86
46 1500 1336.68 273.864 7.07 445.21 2046 1760.0 1837.86
47 1500 1336.68 273.864 7.07 445.21 2046 1760.0 1837.86
48 1500 1336.68 273.864 7.07 445.21 2046 1760.0 1837.86
49 1500 1336.68 273.864 7.07 445.21 2046 1760.0 1837.86
50 1500 1336.68 273.864 7.07 445.21 2046 1760.0 1837.86
51 1500 1336.68 273.864 7.07 445.21 2046 1760.0 1837.86
52 1500 1336.68 273.864 7.07 445.21 2046 1760.0 1837.86
53 1500 1336.68 273.864 7.07 445.21 2046 1760.0 1837.86
54 1500 1336.68 273.864 7.07 445.21 2046 1760.0 1837.86
55 1500 1336.68 273.864 7.07 445.21 2046 1760.0 1837.86
56 1500 1336.68 273.864 7.07 445.21 2046 1760.0 1837.86
57 1500 1336.68 273.864 7.07 445.21 2046 1760.0 1837.86
58 1500 1336.68 273.864 7.07 445.21 2046 1760.0 1837.86
59 1500 1336.68 273.864 7.07 445.21 2046 1760.0 1837.86
60 1500 1336.68 273.864 7.07 445.21 2046 1760.0 1837.86
61 1500 1336.68 273.864 7.07 445.21 2046 1760.0 1837.86
62 1500 1336.68 273.864 7.07 445.21 2046 1760.0 1837.86
63 1500 1336.68 273.864 7.07 445.21 2046 1760.0 1837.86
64 1500 1336.68 273.864 7.07 445.21 2046 1760.0 1837.86
65 1500 1336.68 273.864 7.07 445.21 2046 1760.0 1837.86
66 1500 1336.68 273.864 7.07 445.21 2046 1760.0 1837.86
67 1500 1336.68 273.864 7.07 445.21 2046 1760.0 1837.86
68 1500 1336.68 273.864 7.07 445.21 2046 1760.0 1837.86
69 1500 1336.68 273.864 7.07 445.21 2046 1760.0 1837.86
70 1500 1336.68 273.864 7.07 445.21 2046 1760.0 1837.86
71 1500 1336.68 273.864 7.07 445.21 2046 1760.0 1837.86
72 1500 1336.68 273.864 7.07 445.21 2046 1760.0 1837.86
73 1500 1336.68 273.864 7.07 445.21 2046 1760.0 1837.86
74 1500 1336.68 273.864 7.07 445.21 2046 1760.0 1837.86
75 1500 1336.68 273.864 7.07 445.21 2046 1760.0 1837.86
76 1500 1336.68 273.864 7.07 445.21 2046 1760.0 1837.86
77 1500 1336.68 273.864 7.07 445.21 2046 1760.0 1837.86
78 1500 1336.68 273.864 7.07 445.21 2046 1760.0 1837.86
79 1500 1336.68 273.864 7.07 445.21 2046 1760.0 1837.86
80 1500 1336.68 273.864 7.07 445.21 2046 1760.0 1837.86
81 1500 1336.68 273.864 7.07 445.21 2046 1760.0 1837.86
82 1500 1336.68 273.864 7.07 445.21 2046 1760.0 1837.86
83 1500 1336.68 273.864 7.07 445.21 2046 1760.0 1837.86
84 1500 1336.68 273.864 7.07 445.21 2046 1760.0 1837.86
85 1500 1336.68 273.864 7.07 445.21 2046 1760.0 1837.86
86 1500 1336.68 273.864 7.07 445.21 2046 1760.0 1837.86
87 1500 1336.68 273.864 7.07 445.21 2046 1760.0 1837.86
88 1500 1336.68 273.864 7.07 445.21 2046 1760.0 1837.86
89 1500 1336.68 273.864 7.07 445.21 2046 1760.0 1837.86
90 1500 1336.68 273.864 7.07 445.21 2046 1760.0 1837.86
91 1500 1336.68 273.864 7.07 445.21 2046 1760.0 1837.86
92 1500 1336.68 273.864 7.07 445.21 2046 1760.0 1837.86
93 1500 1336.68 273.864 7.07 445.21 2046 1760.0 1837.86
94 1500 1336.68 273.864 7.07 445.21 2046 1760.0 1837.86
95 1500 1336.68 273.864 7.07 445.21 2046 1760.0 1837.86
96 1500 1336.68 273.864 7.07 445.21 2046 1760.0 1837.86
97 1500 1336.68 273.864 7.07 445.21 2046 1760.0 1837.86
98 1500 1336.68 273.864 7.07 445.21 2046 1760.0 1837.86
99 1500 1336.68 273.864 7.07 445.21 2046 1760.0 1837.86
100 1500 1336.68 273.864 7.07 445.21 2046 1760.0 1837.86
101 1500 1336.68 273.864 7.07 445.21 2046 1760.0 1837.86
102 1500 1336.68 273.864 7.07 445.21 2046 1760.0 1837.86
103 1500 1336.68 273.864 7.07 445.21 2046 1760.0 1837.86
104 1500 1336.68 273.864 7.07 445.21 2046 1760.0 1837.86
105 1500 1336.68 273.864 7.07 445.21 2046 1760.0 1837.86
106 1500 1336.68 273.864 7.07 445.21 2046 1760.0 1837.86
107 1500 1336.68 273.864 7.07 445.21 2046 1760.0 1837.86
108 1500 1336.68 273.864 7.07 445.21 2046 1760.0 1837.86
109 1500 1336.68 273.864 7.07 445.21 2046 1760.0 1837.86
110 1500 1336.68 273.864 7.07 445.21 2046 1760.0 1837.86
111 1500 1336.68 273.864 7.07 445.21 2046 1760.0 1837.86
112 1500 1336.68 273.864 7.07 445.21 2046 1760.0 1837.86
113 1500 1336.68 273.864 7.07 445.21 2046 1760.0 1837.86
114 1500 1336.68 273.864 7.07 445.21 2046 1760.0 1837.86
115 1500 1336.68 273.864 7.07 445.21 2046 1760.0 1837.86
116 1500 1336.68 273.864 7.07 445.21 2046 1760.0 1837.86
117 1500 1336.68 273.864 7.07 445.21 2046 1760.0 1837.86
118 1500 1336.68 273.864 7.07 445.21 2046 1760.0 1837.86
119 1500 1336.68 273.864 7.07 445.21 2046 1760.0 1837.86
120 1500 1336.68 273.864 7.07 445.21 2046 1760.0 1837.86
121 1500 1336.68 273.864 7.07 445.21 2046 1760.0 1837.86
122 1500 1336.68 273.864 7.07 445.21 2046 1760.0 1837.86
123 1500 1336.68 273.864 7.07 445.21 2046 1760.0 1837.86
124 1500 1336.68 273.864 7.07 445.21 2046 1760.0 1837.86
125 1500 1336.68 273.864 7.07 445.21 2046 1760.0 1837.86
126 1500 1336.68 273.864 7.07 445.21 2046 1760.0 1837.86
127 1500 1336.68 273.864 7.07 445.21 2046 1760.0 1837.86
128 1500 1336.68 273.864 7.07 445.21 2046 1760.0 1837.86
129 1500 1336.68 273.864 7.07 445.21 2046 1760.0 1837.86
130 1500 1336.68 273.864 7.07 445.21 2046 1760.0 1837.86
131 1500 1336.68 273.864 7.07 445.21 2046 1760.0 1837.86
132 1500 1336.68 273.864 7.07 445.21 2046 1760.0 1837.86
133 1500 1336.68 273.864 7.07 445.21 2046 1760.0 1837.86
134 1500 1336.68 273.864 7.07 445.21 2046 1760.0 1837.86
135 1500 1336.68 273.864 7.07 445.21 2046 1760.0 1837.86
136 1500 1336.68 273.864 7.07 445.21 2046 1760.0 1837.86
137 1500 1336.68 273.864 7.07 445.21 2046 1760.0 1837.86
138 1500 1336.68 273.864 7.07 445.21 2046 1760.0 1837.86
139 1500 1336.68 273.864 7.07 445.21 2046 1760.0 1837.86
140 1500 1336.68 273.864 7.07 445.21 2046 1760.0 1837.86
141 1500 1336.68 273.864 7.07 445.21 2046 1760.0 1837.86
142 1500 1336.68 273.864 7.07 445.21 2046 1760.0 1837.86
143 1500 1336.68 273.864 7.07 445.21 2046 1760.0 1837.86
144 1500 1336.68 273.864 7.07 445.21 2046 1760.0 1837.86
145 1500 1336.68 273.864 7.07 445.21 2046 1760.0 1837.86
146 1500 1336.68 273.864 7.07 445.21 2046 1760.0 1837.86
147 1500 1336.68 273.864 7.07 445.21 2046 1760.0 1837.86
148 1500 1336.68 273.864 7.07 445.21 2046 1760.0 1837.86
149 1500 1336.68 273.864 7.07 445.21 2046 1760.0 1837.86
150 1500 1336.68 273.864 7.07 445.21 2046 1760.0 1837.86
151 1500 1336.68 273.864 7.07 445.21 2046 1760.0 1837.86
152 1500 1336.68 273.864 7.07 445.21 2046 1760.0 1837.86
153 1500 1336.68 273.864 7.07 445.21 2046 1760.0 1837.86
154 1500 1336.68 273.864 7.07 445.21 2046 1760.0 1837.86
155 1500 1336.68 273.864 7.07 445.21 2046 1760.0 1837.86
156 1500 1336.68 273.864 7.07 445.21 2046 1760.0 1837.86
157 1500 1336.68 273.864 7.07 445.21 2046 1760.0 1837.86
158 1500 1336.68 273.864 7.07 445.21 2046 1760.0 1837.86
159 1500 1336.68 273.864 7.07 445.21 2046 1760.0 1837.86
160 1500 1336.68 273.864 7.07 445.21 2046 1760.0 1837.86
161 1500 1336.68 273.864 7.07 445.21 2046 1760.0 1837.86
162 1500 1336.68 273.864 7.07 445.21 2046 1760.0 1837.86
163 1500 1336.68 273.864 7.07 445.21 2046 1760.0 1837.86
164 1500 1336.68 273.864 7.07 445.21 2046 1760.0 1837.86
165 1500 1336.68 273.864 7.07 445.21 2046 1760.0 1837.86
166 1500 1336.68 273.864 7.07 445.21 2046 1760.0 1837.86
167 1500 1336.68 273.864 7.07 445.21 2046 1760.0 1837.86
168 1500 1336.68 273.864 7.07 445.21 2046 1760.0 1837.86
169 1500 1336.68 273.864 7.07 445.21 2046 1760.0 1837.86
170 1500 1336.68 273.864 7.07 445.21 2046 1760.0 1837.86
171 1500 1336.68 273.864 7.07 445.21 2046 1760.0 1837.86
172 1500 1336.68 273.864 7.07 445.21 2046 1760.0 1837.86
173 1500 1336.68 273.864 7.07 445.21 2046 1760.0 1837.86
174 1500 1336.68 273.864 7.07 445.21 2046 1760.0 1837.86
175 1500 1336.68 273.864 7.07 445.21 2046 1760.0 1837.86
176 1500 1336.68 273.864 7.07 445.21 2046 1760.0 1837.86
177 1500 1336.68 273.864 7.07 445.21 2046 1760.0 1837.86
178 1500 1336.68 273.864 7.07 445.21 2046 1760.0 1837.86
179 1500 1336.68 273.864 7.07 445.21 2046 1760.0 1837.86
180 1500 1336.68 273.864 7.07 445.21 2046 1760.0 1837.86
181 1500 1336.68 273.864 7.07 445.21 2046 1760.0 1837.86
182 1500 1336.68 273.864 7.07 445.21 2046 1760.0 1837.86
183 1500 1336.68 273.864 7.07 445.21 2046 1760.0 1837.86
184 1500 1336.68 273.864 7.07 445.21 2046 1760.0 1837.86
185 1500 1336.68 273.864 7.07 445.21 2046 1760.0 1837.86
