sp	sv	mp	mv
0.001953125	360.88	0.005208333	333.82
0.00390625	360.88	0.010416667	333.82
0.005859375	360.88	0.015625	307.82
0.0078125	360.88	0.020833333	307.82
0.009765625	360.88	0.026041667	307.19
0.01171875	360.88	0.03125	307.19
0.013671875	360.88	0.036458333	273.11
0.015625	360.88	0.041666667	273.11
0.017578125	360.88	0.046875	270.28
0.01953125	360.88	0.052083333	270.28
0.021484375	360.33	0.057291667	267.01
0.0234375	360.33	0.0625	267.01
0.025390625	360.33	0.067708333	263.79
0.02734375	360.33	0.072916667	263.79
0.029296875	356.91	0.078125	262.35
0.03125	356.91	0.083333333	262.35
0.033203125	356.91	0.088541667	251.75
0.03515625	344	0.09375	251.75
0.037109375	342.98	0.098958333	246.01
0.0390625	340.24	0.104166667	246.01
0.041015625	338.9	0.109375	220.74
0.04296875	336.16	0.114583333	220.74
0.044921875	336.16	0.119791667	211.4
0.046875	336.16	0.125	211.4
0.048828125	321.35	0.130208333	210.61
0.05078125	321.35	0.135416667	210.61
0.052734375	313.8	0.140625	205.61
0.0546875	299.9	0.145833333	205.61
0.056640625	299.87	0.151041667	201.69
0.05859375	297.16	0.15625	201.69
0.060546875	297.16	0.161458333	196.17
0.0625	291.38	0.166666667	196.17
0.064453125	291.38	0.171875	189.93
0.06640625	282.42	0.177083333	189.93
0.068359375	281.21	0.182291667	188.85
0.0703125	281.21	0.1875	188.85
0.072265625	281.21	0.192708333	179.42
0.07421875	281.02	0.197916667	179.42
0.076171875	275.08	0.203125	169.26
0.078125	274.52	0.208333333	169.26
0.080078125	274.52	0.213541667	164.21
0.08203125	274.52	0.21875	164.21
0.083984375	269.63	0.223958333	162.56
0.0859375	269.63	0.229166667	162.56
0.087890625	269.63	0.234375	162.45
0.08984375	269.63	0.239583333	162.45
0.091796875	268.88	0.244791667	156.49
0.09375	267.59	0.25	156.49
0.095703125	267.59	0.255208333	155.58
0.09765625	267.52	0.260416667	155.58
0.099609375	267.52	0.265625	153.79
0.1015625	267.52	0.270833333	153.79
0.103515625	266.08	0.276041667	152.99
0.10546875	266.08	0.28125	152.99
0.107421875	265.16	0.286458333	152.51
0.109375	265.16	0.291666667	152.51
0.111328125	260.49	0.296875	151.03
0.11328125	260.49	0.302083333	151.03
0.115234375	255.19	0.307291667	150.14
0.1171875	255.17	0.3125	150.14
0.119140625	239.16	0.317708333	149.53
0.12109375	239.16	0.322916667	149.53
0.123046875	239.16	0.328125	146.74
0.125	239.16	0.333333333	146.74
0.126953125	239.16	0.338541667	146.18
0.12890625	239.16	0.34375	146.18
0.130859375	236.43	0.348958333	143.95
0.1328125	236.43	0.354166667	143.95
0.134765625	235.85	0.359375	142.5
0.13671875	230.95	0.364583333	142.5
0.138671875	227.34	0.369791667	142.03
0.140625	221.52	0.375	142.03
0.142578125	221.52	0.380208333	140.18
0.14453125	221.52	0.385416667	140.18
0.146484375	221.52	0.390625	140.12
0.1484375	218.21	0.395833333	140.12
0.150390625	210.6	0.401041667	138.51
0.15234375	209.78	0.40625	138.51
0.154296875	209.78	0.411458333	138.27
0.15625	209.78	0.416666667	138.27
0.158203125	209.78	0.421875	135.88
0.16015625	209.78	0.427083333	135.88
0.162109375	209.78	0.432291667	133.11
0.1640625	205.25	0.4375	133.11
0.166015625	205.25	0.442708333	131.1
0.16796875	205.25	0.447916667	131.1
0.169921875	205.25	0.453125	130.28
0.171875	201.17	0.458333333	130.28
0.173828125	201.16	0.463541667	127.72
0.17578125	201.16	0.46875	127.72
0.177734375	201.16	0.473958333	124.43
0.1796875	201.16	0.479166667	124.43
0.181640625	201.16	0.484375	123.53
0.18359375	201.16	0.489583333	123.53
0.185546875	201.16	0.494791667	122.38
0.1875	201.16	0.5	122.38
0.189453125	201.05	0.505208333	121.78
0.19140625	201.05	0.510416667	121.78
0.193359375	201.05	0.515625	121.45
0.1953125	193.71	0.520833333	121.45
0.197265625	193.71	0.526041667	121.11
0.19921875	193.71	0.53125	121.11
0.201171875	193.23	0.536458333	117.34
0.203125	193.23	0.541666667	117.34
0.205078125	193.23	0.546875	117.18
0.20703125	193.23	0.552083333	117.18
0.208984375	193.23	0.557291667	116.39
0.2109375	191.62	0.5625	116.39
0.212890625	190.05	0.567708333	115.16
0.21484375	185.97	0.572916667	115.16
0.216796875	185.97	0.578125	114.39
0.21875	185.97	0.583333333	114.39
0.220703125	178.32	0.588541667	112.74
0.22265625	178.32	0.59375	112.74
0.224609375	178.32	0.598958333	112.74
0.2265625	176.17	0.604166667	112.74
0.228515625	173.01	0.609375	111.59
0.23046875	173.01	0.614583333	111.59
0.232421875	172.55	0.619791667	111.4
0.234375	172.55	0.625	111.4
0.236328125	172.55	0.630208333	110.15
0.23828125	172.55	0.635416667	110.15
0.240234375	172.5	0.640625	109.95
0.2421875	172.5	0.645833333	109.95
0.244140625	172.38	0.651041667	107.15
0.24609375	172.38	0.65625	107.15
0.248046875	172.38	0.661458333	106.69
0.25	172.38	0.666666667	106.69
0.251953125	172.38	0.671875	106.34
0.25390625	172.38	0.677083333	106.34
0.255859375	172.38	0.682291667	104.36
0.2578125	171.8	0.6875	104.36
0.259765625	171.8	0.692708333	103.92
0.26171875	169.73	0.697916667	103.92
0.263671875	168.29	0.703125	103.25
0.265625	168.29	0.708333333	103.25
0.267578125	165.4	0.713541667	101.78
0.26953125	165.4	0.71875	101.78
0.271484375	163.11	0.723958333	99.74
0.2734375	160.43	0.729166667	99.74
0.275390625	157.74	0.734375	99.51
0.27734375	157.74	0.739583333	99.51
0.279296875	157.74	0.744791667	95.9
0.28125	155.87	0.75	95.9
0.283203125	154.94	0.755208333	95.85
0.28515625	154.94	0.760416667	95.85
0.287109375	154.94	0.765625	95.27
0.2890625	154.94	0.770833333	95.27
0.291015625	154.92	0.776041667	93.95
0.29296875	153.61	0.78125	93.95
0.294921875	153.61	0.786458333	92.63
0.296875	153.61	0.791666667	92.63
0.298828125	151.05	0.796875	83.37
0.30078125	151.05	0.802083333	83.37
0.302734375	151.05	0.807291667	76.14
0.3046875	151.05	0.8125	76.14
0.306640625	148.72	0.817708333	72.23
0.30859375	146.95	0.822916667	72.23
0.310546875	146.43	0.828125	65.72
0.3125	146.38	0.833333333	65.72
0.314453125	145.66	0.838541667	60.6
0.31640625	145.66	0.84375	60.6
0.318359375	145.28	0.848958333	60.57
0.3203125	145.28	0.854166667	60.57
0.322265625	145.28	0.859375	48.1
0.32421875	145.28	0.864583333	48.1
0.326171875	145.26	0.869791667	43.91
0.328125	145.26	0.875	43.91
0.330078125	145.12	0.880208333	43.25
0.33203125	145.12	0.885416667	43.25
0.333984375	144.77	0.890625	34.55
0.3359375	144.47	0.895833333	34.55
0.337890625	144.47	0.901041667	34
0.33984375	144.47	0.90625	34
0.341796875	144.47	0.911458333	27.94
0.34375	144.47	0.916666667	27.94
0.345703125	144.47	0.921875	23.73
0.34765625	144.47	0.927083333	23.73
0.349609375	144.47	0.932291667	21.66
0.3515625	143.36	0.9375	21.66
0.353515625	143.36	0.942708333	19.99
0.35546875	142.81	0.947916667	19.99
0.357421875	142.79	0.953125	18.73
0.359375	139.84	0.958333333	18.73
0.361328125	139.84	0.963541667	17.41
0.36328125	138.12	0.96875	17.41
0.365234375	138.12	0.973958333	12.99
0.3671875	138.12	0.979166667	12.99
0.369140625	138.12	0.984375	12.54
0.37109375	138.12	0.989583333	12.54
0.373046875	138.12	0.994791667	12.4
0.375	135.87	1	12.4
0.376953125	135.87		
0.37890625	135.76		
0.380859375	135.76		
0.3828125	135.35		
0.384765625	135.35		
0.38671875	133.77		
0.388671875	133.77		
0.390625	133.6		
0.392578125	133.6		
0.39453125	133.6		
0.396484375	133.6		
0.3984375	133.6		
0.400390625	133.6		
0.40234375	133.6		
0.404296875	133.6		
0.40625	133.07		
0.408203125	133.07		
0.41015625	133.07		
0.412109375	133.07		
0.4140625	133.07		
0.416015625	131.14		
0.41796875	131.14		
0.419921875	131.14		
0.421875	131.14		
0.423828125	131.14		
0.42578125	131.14		
0.427734375	130.54		
0.4296875	130.54		
0.431640625	130.36		
0.43359375	130.36		
0.435546875	128.73		
0.4375	128.73		
0.439453125	128.73		
0.44140625	128.73		
0.443359375	128.71		
0.4453125	128.71		
0.447265625	128.71		
0.44921875	128.71		
0.451171875	128.71		
0.453125	128.71		
0.455078125	128.71		
0.45703125	127.64		
0.458984375	127.64		
0.4609375	127.54		
0.462890625	127.54		
0.46484375	126.97		
0.466796875	126.97		
0.46875	126.28		
0.470703125	126.28		
0.47265625	125.55		
0.474609375	125.55		
0.4765625	125.55		
0.478515625	125.55		
0.48046875	125.55		
0.482421875	123.71		
0.484375	123.71		
0.486328125	123.71		
0.48828125	121.74		
0.490234375	121.74		
0.4921875	121.47		
0.494140625	121.47		
0.49609375	120.54		
0.498046875	120.54		
0.5	119.76		
0.501953125	119.76		
0.50390625	119.76		
0.505859375	119.76		
0.5078125	119.76		
0.509765625	119.76		
0.51171875	119.76		
0.513671875	119.76		
0.515625	119.76		
0.517578125	119.76		
0.51953125	118.44		
0.521484375	118.44		
0.5234375	118.44		
0.525390625	117.83		
0.52734375	117.83		
0.529296875	117.83		
0.53125	117.83		
0.533203125	115.72		
0.53515625	115.53		
0.537109375	115.53		
0.5390625	115.43		
0.541015625	115.43		
0.54296875	115.29		
0.544921875	115.29		
0.546875	115.28		
0.548828125	114.87		
0.55078125	114.87		
0.552734375	114.44		
0.5546875	113.86		
0.556640625	113.86		
0.55859375	111.02		
0.560546875	110.67		
0.5625	110.67		
0.564453125	110.67		
0.56640625	110.67		
0.568359375	109.78		
0.5703125	106.73		
0.572265625	106.73		
0.57421875	106.73		
0.576171875	106.73		
0.578125	106.73		
0.580078125	106.73		
0.58203125	106.65		
0.583984375	106.65		
0.5859375	106.39		
0.587890625	106.39		
0.58984375	106.39		
0.591796875	106.39		
0.59375	106.07		
0.595703125	106.07		
0.59765625	106.07		
0.599609375	101.78		
0.6015625	101.78		
0.603515625	101.31		
0.60546875	101.31		
0.607421875	89.09		
0.609375	89.09		
0.611328125	86.97		
0.61328125	86.97		
0.615234375	86.97		
0.6171875	86.97		
0.619140625	86.97		
0.62109375	86.97		
0.623046875	86.97		
0.625	86.97		
0.626953125	84.14		
0.62890625	84.14		
0.630859375	83.14		
0.6328125	83.14		
0.634765625	83.14		
0.63671875	83.14		
0.638671875	83.14		
0.640625	83.14		
0.642578125	83.14		
0.64453125	83.14		
0.646484375	82.2		
0.6484375	82.2		
0.650390625	82.19		
0.65234375	82.19		
0.654296875	82.19		
0.65625	82.19		
0.658203125	82.19		
0.66015625	82.19		
0.662109375	82.19		
0.6640625	82.19		
0.666015625	80.31		
0.66796875	80.31		
0.669921875	80.12		
0.671875	80.12		
0.673828125	79.45		
0.67578125	79.45		
0.677734375	76.03		
0.6796875	74		
0.681640625	74		
0.68359375	74		
0.685546875	74		
0.6875	71.32		
0.689453125	71.32		
0.69140625	71.32		
0.693359375	71.32		
0.6953125	71.32		
0.697265625	71.32		
0.69921875	68.55		
0.701171875	68.55		
0.703125	68.55		
0.705078125	68.55		
0.70703125	68.55		
0.708984375	68.55		
0.7109375	68.55		
0.712890625	68.55		
0.71484375	66.93		
0.716796875	66.93		
0.71875	66.93		
0.720703125	65.53		
0.72265625	65.53		
0.724609375	65.53		
0.7265625	65.53		
0.728515625	65.31		
0.73046875	64.33		
0.732421875	64.33		
0.734375	64.33		
0.736328125	64.33		
0.73828125	64.33		
0.740234375	64.33		
0.7421875	64.33		
0.744140625	64.33		
0.74609375	61.81		
0.748046875	61.81		
0.75	61.81		
0.751953125	61.81		
0.75390625	61.81		
0.755859375	61.81		
0.7578125	61.65		
0.759765625	61.65		
0.76171875	61.65		
0.763671875	61.65		
0.765625	61.65		
0.767578125	61.65		
0.76953125	59.76		
0.771484375	59.76		
0.7734375	59.76		
0.775390625	59.76		
0.77734375	53.19		
0.779296875	53.19		
0.78125	53.19		
0.783203125	53.19		
0.78515625	53.19		
0.787109375	53.19		
0.7890625	51.78		
0.791015625	51.78		
0.79296875	51.78		
0.794921875	51.75		
0.796875	51.75		
0.798828125	51.75		
0.80078125	51.75		
0.802734375	51.75		
0.8046875	51.75		
0.806640625	51.75		
0.80859375	51.75		
0.810546875	51.75		
0.8125	50.01		
0.814453125	50.01		
0.81640625	50.01		
0.818359375	50.01		
0.8203125	47.41		
0.822265625	47.41		
0.82421875	47.41		
0.826171875	47.41		
0.828125	47.41		
0.830078125	47.41		
0.83203125	45.24		
0.833984375	45.24		
0.8359375	45.24		
0.837890625	45.24		
0.83984375	45.24		
0.841796875	45.24		
0.84375	45.24		
0.845703125	45.24		
0.84765625	45.24		
0.849609375	45.24		
0.8515625	45.24		
0.853515625	45.24		
0.85546875	45.24		
0.857421875	45.24		
0.859375	45.24		
0.861328125	45.24		
0.86328125	45.24		
0.865234375	45.24		
0.8671875	45.24		
0.869140625	45.24		
0.87109375	45.24		
0.873046875	45.24		
0.875	45.24		
0.876953125	45.24		
0.87890625	45.24		
0.880859375	45.24		
0.8828125	45.24		
0.884765625	45.24		
0.88671875	41.7		
0.888671875	41.7		
0.890625	41.7		
0.892578125	41.7		
0.89453125	41.7		
0.896484375	41.7		
0.8984375	41.7		
0.900390625	41.7		
0.90234375	41.7		
0.904296875	41.7		
0.90625	41.7		
0.908203125	41.7		
0.91015625	41.7		
0.912109375	41.7		
0.9140625	41.7		
0.916015625	41.7		
0.91796875	41.63		
0.919921875	41.63		
0.921875	41.63		
0.923828125	41.63		
0.92578125	41.63		
0.927734375	41.63		
0.9296875	41.63		
0.931640625	41.63		
0.93359375	41.63		
0.935546875	41.63		
0.9375	41.63		
0.939453125	22.19		
0.94140625	22.19		
0.943359375	22.19		
0.9453125	22.19		
0.947265625	22.19		
0.94921875	22.19		
0.951171875	22.19		
0.953125	22.19		
0.955078125	22.19		
0.95703125	22.19		
0.958984375	22.19		
0.9609375	22.19		
0.962890625	21		
0.96484375	21		
0.966796875	21		
0.96875	21		
0.970703125	21		
0.97265625	21		
0.974609375	21		
0.9765625	21		
0.978515625	21		
0.98046875	21		
0.982421875	21		
0.984375	21		
0.986328125	21		
0.98828125	21		
0.990234375	21		
0.9921875	21		
0.994140625	4.55		
0.99609375	4.55		
0.998046875	4.55		
1	4.55		
