prob	ls
0.9996	0.0
0.9992	0.0
0.9988	0.0
0.9984	0.0
0.998	0.0
0.9976	0.0
0.9972	0.0
0.9968	0.0
0.9964	0.0
0.996	0.0
0.9956	0.0
0.9952	0.0
0.9948	0.0
0.9944	0.0
0.994	0.0
0.9936	0.0
0.9932	0.0
0.9928	0.0
0.9924	0.0
0.992	0.0
0.9916	0.0
0.9912	0.0
0.9908	0.0
0.9904	0.0
0.99	0.0
0.9896	0.0
0.9892	0.0
0.9888	0.0
0.9884	0.0
0.988	0.0
0.9876	0.0
0.9872	0.0
0.9868	0.0
0.9864	0.0
0.986	0.0
0.9856	0.0
0.9852	0.0
0.9848	0.0
0.9844	0.0
0.984	0.0
0.9836	0.0
0.9832	0.0
0.9828	0.0
0.9824	0.0
0.982	0.0
0.9816	0.0
0.9812	0.0
0.9808	0.0
0.9804	0.0
0.98	0.0
0.9796	0.0
0.9792	0.0
0.9788	0.0
0.9784	0.0
0.978	0.0
0.9776	0.0
0.9772	0.0
0.9768	0.0
0.9764	0.0
0.976	0.0
0.9756	0.0
0.9752	0.0
0.9748	0.0
0.9744	0.0
0.974	0.0
0.9736	0.0
0.9732	0.0
0.9728	0.0
0.9724	0.0
0.972	0.0
0.9716	0.0
0.9712	0.0
0.9708	0.0
0.9704	0.0
0.97	0.0
0.9696	0.0
0.9692	0.0
0.9688	0.0
0.9684	0.0
0.968	0.0
0.9676	0.0
0.9672	0.0
0.9668	0.0
0.9664	0.0
0.966	0.0
0.9656	0.0
0.9652	0.0
0.9648	0.0
0.9644	0.0
0.964	0.0
0.9636	0.0
0.9632	0.0
0.9628	0.0
0.9624	0.0
0.962	0.0
0.9616	0.0
0.9612	0.0
0.9608	0.0
0.9604	0.0
0.96	0.0
0.9596	0.0
0.9592	0.0
0.9588	0.0
0.9584	0.0
0.958	0.0
0.9576	0.0
0.9572	0.0
0.9568	0.0
0.9564	0.0
0.956	0.0
0.9556	0.0
0.9552	0.0
0.9548	0.0
0.9544	0.0
0.954	0.0
0.9536	0.0
0.9532	0.0
0.9528	0.0
0.9524	0.0
0.952	0.0
0.9516	0.0
0.9512	0.0
0.9508	0.0
0.9504	0.0
0.95	0.0
0.9496	0.0
0.9492	0.0
0.9488	0.0
0.9484	0.0
0.948	4.36
0.9476	7.07
0.9472	9.81
0.9468	19.84
0.9464	22.0
0.946	22.0
0.9456	22.0
0.9452	22.0
0.9448	22.0
0.9444	22.0
0.944	22.0
0.9436	22.0
0.9432	22.0
0.9428	22.0
0.9424	22.0
0.942	22.0
0.9416	22.0
0.9412	22.0
0.9408	24.5
0.9404	24.5
0.94	24.71
0.9396	24.71
0.9392	24.71
0.9388	24.71
0.9384	24.71
0.938	24.71
0.9376	24.71
0.9372	24.71
0.9368	27.21
0.9364	28.86
0.936	31.87
0.9356	33.76
0.9352	35.29
0.9348	37.14
0.9344	37.48
0.934	39.0
0.9336	40.19
0.9332	40.19
0.9328	40.92
0.9324	42.65
0.932	42.65
0.9316	42.65
0.9312	42.65
0.9308	43.2
0.9304	43.36
0.93	43.36
0.9296	44.3
0.9292	45.01
0.9288	45.36
0.9284	45.36
0.928	45.36
0.9276	45.91
0.9272	46.08
0.9268	46.5
0.9264	48.74
0.926	48.86
0.9256	49.21
0.9252	51.41
0.9248	52.06
0.9244	52.45
0.924	54.14
0.9236	55.29
0.9232	56.31
0.9228	57.45
0.9224	58.13
0.922	58.85
0.9216	59.16
0.9212	60.0
0.9208	60.0
0.9204	60.19
0.92	60.84
0.9196	60.84
0.9192	60.84
0.9188	61.0
0.9184	61.0
0.918	61.0
0.9176	61.0
0.9172	61.3
0.9168	62.5
0.9164	62.71
0.916	63.0
0.9156	63.0
0.9152	63.55
0.9148	63.71
0.9144	63.71
0.914	64.02
0.9136	64.36
0.9132	64.36
0.9128	64.36
0.9124	64.36
0.912	65.0
0.9116	65.11
0.9112	65.56
0.9108	66.43
0.9104	66.5
0.91	66.5
0.9096	67.07
0.9092	67.86
0.9088	68.98
0.9084	69.74
0.908	70.02
0.9076	70.99
0.9072	71.0
0.9068	71.0
0.9064	71.29
0.906	71.53
0.9056	72.08
0.9052	72.67
0.9048	73.09
0.9044	73.63
0.904	73.71
0.9036	74.14
0.9032	75.33
0.9028	75.48
0.9024	75.48
0.902	75.48
0.9016	76.0
0.9012	76.41
0.9008	76.65
0.9004	77.13
0.9	77.56
0.8996	78.34
0.8992	78.98
0.8988	79.49
0.8984	79.75
0.898	79.84
0.8976	80.0
0.8972	80.48
0.8968	80.81
0.8964	80.85
0.896	81.05
0.8956	81.1
0.8952	81.1
0.8948	81.49
0.8944	81.65
0.894	81.65
0.8936	82.0
0.8932	82.0
0.8928	82.0
0.8924	82.0
0.892	82.0
0.8916	82.0
0.8912	82.0
0.8908	82.0
0.8904	82.0
0.89	82.0
0.8896	82.0
0.8892	82.0
0.8888	82.0
0.8884	82.0
0.888	82.0
0.8876	82.19
0.8872	82.36
0.8868	82.42
0.8864	83.0
0.886	83.19
0.8856	83.65
0.8852	83.78
0.8848	84.36
0.8844	84.37
0.884	84.71
0.8836	84.71
0.8832	84.71
0.8828	84.71
0.8824	84.71
0.882	84.89
0.8816	84.95
0.8812	84.95
0.8808	84.95
0.8804	85.09
0.88	85.22
0.8796	85.22
0.8792	85.52
0.8788	85.66
0.8784	86.36
0.878	86.46
0.8776	86.48
0.8772	86.62
0.8768	86.96
0.8764	87.5
0.876	87.6
0.8756	87.73
0.8752	88.23
0.8748	88.7
0.8744	89.13
0.874	89.24
0.8736	89.51
0.8732	89.69
0.8728	90.15
0.8724	90.39
0.872	90.98
0.8716	91.09
0.8712	91.28
0.8708	91.78
0.8704	91.81
0.87	91.81
0.8696	91.81
0.8692	91.81
0.8688	91.81
0.8684	91.81
0.868	92.11
0.8676	92.32
0.8672	92.36
0.8668	93.0
0.8664	93.33
0.866	93.78
0.8656	94.08
0.8652	94.45
0.8648	94.52
0.8644	94.8
0.864	94.94
0.8636	95.19
0.8632	95.48
0.8628	95.66
0.8624	95.92
0.862	96.41
0.8616	96.69
0.8612	96.85
0.8608	97.14
0.8604	97.17
0.86	97.17
0.8596	97.4
0.8592	97.48
0.8588	97.48
0.8584	97.48
0.858	97.48
0.8576	97.9
0.8572	98.21
0.8568	99.0
0.8564	99.16
0.856	99.76
0.8556	99.84
0.8552	99.95
0.8548	100.0
0.8544	100.0
0.854	100.0
0.8536	100.0
0.8532	100.0
0.8528	100.0
0.8524	100.0
0.852	100.0
0.8516	100.1
0.8512	100.3
0.8508	100.44
0.8504	100.65
0.85	100.77
0.8496	100.98
0.8492	101.0
0.8488	101.65
0.8484	101.85
0.848	102.0
0.8476	102.0
0.8472	102.0
0.8468	102.0
0.8464	102.06
0.846	102.46
0.8456	102.65
0.8452	102.81
0.8448	102.81
0.8444	102.95
0.844	103.15
0.8436	103.27
0.8432	103.36
0.8428	103.37
0.8424	103.44
0.842	104.09
0.8416	104.71
0.8412	104.71
0.8408	104.89
0.8404	105.07
0.84	105.36
0.8396	105.36
0.8392	105.36
0.8388	105.57
0.8384	105.92
0.838	106.0
0.8376	106.0
0.8372	106.05
0.8368	106.08
0.8364	106.33
0.836	106.79
0.8356	106.95
0.8352	107.11
0.8348	107.29
0.8344	107.29
0.834	107.46
0.8336	107.75
0.8332	108.07
0.8328	108.23
0.8324	108.48
0.832	108.56
0.8316	108.71
0.8312	108.74
0.8308	108.88
0.8304	109.51
0.83	109.95
0.8296	109.95
0.8292	110.0
0.8288	110.0
0.8284	110.0
0.828	110.21
0.8276	110.63
0.8272	110.82
0.8268	110.91
0.8264	111.25
0.826	111.49
0.8256	111.81
0.8252	112.04
0.8248	112.49
0.8244	112.66
0.824	113.51
0.8236	114.11
0.8232	114.36
0.8228	114.36
0.8224	114.48
0.822	114.81
0.8216	114.98
0.8212	115.1
0.8208	115.48
0.8204	115.48
0.82	115.48
0.8196	115.48
0.8192	115.76
0.8188	116.14
0.8184	116.62
0.818	117.07
0.8176	117.31
0.8172	117.55
0.8168	117.86
0.8164	118.24
0.816	118.52
0.8156	118.84
0.8152	118.91
0.8148	119.33
0.8144	119.76
0.814	120.0
0.8136	120.0
0.8132	120.0
0.8128	120.31
0.8124	120.49
0.812	120.65
0.8116	120.65
0.8112	120.65
0.8108	120.81
0.8104	120.91
0.81	121.0
0.8096	121.0
0.8092	121.0
0.8088	121.13
0.8084	121.37
0.808	121.43
0.8076	121.64
0.8072	121.8
0.8068	122.21
0.8064	122.38
0.806	122.47
0.8056	122.69
0.8052	122.83
0.8048	123.0
0.8044	123.0
0.804	123.0
0.8036	123.0
0.8032	123.0
0.8028	123.0
0.8024	123.13
0.802	123.37
0.8016	123.63
0.8012	123.71
0.8008	123.71
0.8004	124.02
0.8	124.17
0.7996	124.46
0.7992	124.6
0.7988	124.97
0.7984	125.04
0.798	125.35
0.7976	125.62
0.7972	125.71
0.7968	125.71
0.7964	125.71
0.796	125.95
0.7956	125.99
0.7952	126.05
0.7948	126.23
0.7944	126.41
0.794	126.5
0.7936	126.5
0.7932	126.55
0.7928	126.64
0.7924	126.65
0.792	126.73
0.7916	126.8
0.7912	127.0
0.7908	127.02
0.7904	127.19
0.79	127.4
0.7896	127.71
0.7892	127.85
0.7888	128.25
0.7884	128.41
0.788	128.76
0.7876	128.98
0.7872	129.02
0.7868	129.11
0.7864	129.36
0.786	129.56
0.7856	129.85
0.7852	130.5
0.7848	130.81
0.7844	130.81
0.784	131.0
0.7836	131.3
0.7832	131.59
0.7828	131.76
0.7824	132.0
0.782	132.0
0.7816	132.0
0.7812	132.0
0.7808	132.05
0.7804	132.45
0.78	132.58
0.7796	132.74
0.7792	132.81
0.7788	132.87
0.7784	133.23
0.778	133.63
0.7776	133.71
0.7772	133.71
0.7768	133.79
0.7764	134.0
0.776	134.11
0.7756	134.23
0.7752	134.36
0.7748	134.43
0.7744	134.5
0.774	134.71
0.7736	134.71
0.7732	134.71
0.7728	134.83
0.7724	135.24
0.772	135.48
0.7716	135.61
0.7712	135.76
0.7708	135.81
0.7704	135.97
0.77	136.14
0.7696	136.34
0.7692	136.45
0.7688	136.48
0.7684	136.48
0.768	136.48
0.7676	136.5
0.7672	137.0
0.7668	137.16
0.7664	137.43
0.766	137.65
0.7656	137.8
0.7652	138.0
0.7648	138.14
0.7644	138.14
0.764	138.47
0.7636	138.48
0.7632	138.59
0.7628	138.84
0.7624	139.0
0.762	139.0
0.7616	139.21
0.7612	139.65
0.7608	140.0
0.7604	140.38
0.76	140.74
0.7596	140.81
0.7592	140.88
0.7588	141.0
0.7584	141.0
0.758	141.22
0.7576	141.41
0.7572	141.67
0.7568	141.77
0.7564	141.81
0.756	142.0
0.7556	142.03
0.7552	142.24
0.7548	142.36
0.7544	142.41
0.754	142.44
0.7536	142.65
0.7532	143.0
0.7528	143.11
0.7524	143.39
0.752	143.65
0.7516	143.72
0.7512	143.89
0.7508	144.06
0.7504	144.13
0.75	144.3
0.7496	144.36
0.7492	144.37
0.7488	144.37
0.7484	144.37
0.748	144.48
0.7476	144.51
0.7472	144.75
0.7468	144.92
0.7464	145.0
0.746	145.08
0.7456	145.15
0.7452	145.24
0.7448	145.65
0.7444	145.98
0.744	146.01
0.7436	146.17
0.7432	146.29
0.7428	146.36
0.7424	146.37
0.742	146.45
0.7416	146.62
0.7412	146.79
0.7408	146.95
0.7404	147.0
0.74	147.08
0.7396	147.4
0.7392	147.52
0.7388	147.71
0.7384	147.71
0.738	148.02
0.7376	148.13
0.7372	148.25
0.7368	148.42
0.7364	148.59
0.736	148.93
0.7356	149.0
0.7352	149.0
0.7348	149.0
0.7344	149.0
0.734	149.14
0.7336	149.34
0.7332	149.48
0.7328	149.78
0.7324	149.9
0.732	150.07
0.7316	150.33
0.7312	150.65
0.7308	150.87
0.7304	150.99
0.73	151.0
0.7296	151.0
0.7292	151.08
0.7288	151.15
0.7284	151.61
0.728	151.74
0.7276	151.88
0.7272	152.12
0.7268	152.18
0.7264	152.34
0.726	152.55
0.7256	152.65
0.7252	152.89
0.7248	152.92
0.7244	153.0
0.724	153.15
0.7236	153.2
0.7232	153.37
0.7228	153.59
0.7224	153.71
0.722	153.73
0.7216	154.1
0.7212	154.34
0.7208	154.41
0.7204	154.71
0.72	154.81
0.7196	155.0
0.7192	155.13
0.7188	155.22
0.7184	155.36
0.718	155.39
0.7176	155.83
0.7172	155.94
0.7168	156.07
0.7164	156.17
0.716	156.44
0.7156	156.5
0.7152	156.65
0.7148	156.78
0.7144	156.88
0.714	157.23
0.7136	157.27
0.7132	157.6
0.7128	157.92
0.7124	158.07
0.712	158.4
0.7116	158.55
0.7112	158.65
0.7108	158.84
0.7104	159.0
0.71	159.01
0.7096	159.21
0.7092	159.32
0.7088	159.5
0.7084	159.72
0.708	159.85
0.7076	159.96
0.7072	160.0
0.7068	160.0
0.7064	160.0
0.706	160.3
0.7056	160.38
0.7052	160.5
0.7048	160.69
0.7044	160.82
0.704	161.05
0.7036	161.31
0.7032	161.54
0.7028	161.9
0.7024	161.96
0.702	162.0
0.7016	162.0
0.7012	162.0
0.7008	162.0
0.7004	162.0
0.7	162.0
0.6996	162.0
0.6992	162.0
0.6988	162.15
0.6984	162.48
0.698	162.71
0.6976	162.78
0.6972	162.95
0.6968	162.97
0.6964	163.35
0.696	163.51
0.6956	163.59
0.6952	163.72
0.6948	163.9
0.6944	164.0
0.694	164.24
0.6936	164.4
0.6932	164.71
0.6928	164.81
0.6924	165.02
0.692	165.09
0.6916	165.24
0.6912	165.32
0.6908	165.51
0.6904	165.76
0.69	166.0
0.6896	166.04
0.6892	166.25
0.6888	166.37
0.6884	166.64
0.688	166.79
0.6876	166.89
0.6872	167.0
0.6868	167.09
0.6864	167.29
0.686	167.44
0.6856	167.49
0.6852	167.73
0.6848	167.82
0.6844	168.1
0.684	168.24
0.6836	168.64
0.6832	168.84
0.6828	168.9
0.6824	169.09
0.682	169.37
0.6816	169.58
0.6812	169.65
0.6808	169.74
0.6804	169.81
0.68	169.98
0.6796	170.0
0.6792	170.0
0.6788	170.0
0.6784	170.01
0.678	170.19
0.6776	170.46
0.6772	170.74
0.6768	170.86
0.6764	171.0
0.676	171.12
0.6756	171.25
0.6752	171.48
0.6748	171.53
0.6744	171.77
0.674	171.81
0.6736	172.09
0.6732	172.35
0.6728	172.71
0.6724	172.71
0.672	172.71
0.6716	172.78
0.6712	172.93
0.6708	173.0
0.6704	173.0
0.67	173.0
0.6696	173.0
0.6692	173.04
0.6688	173.34
0.6684	173.37
0.668	173.5
0.6676	173.6
0.6672	173.87
0.6668	173.98
0.6664	174.17
0.666	174.28
0.6656	174.6
0.6652	174.71
0.6648	174.89
0.6644	175.0
0.664	175.09
0.6636	175.19
0.6632	175.35
0.6628	175.61
0.6624	175.65
0.662	175.83
0.6616	176.11
0.6612	176.46
0.6608	176.78
0.6604	176.82
0.66	176.94
0.6596	177.19
0.6592	177.34
0.6588	177.48
0.6584	177.58
0.658	177.67
0.6576	177.76
0.6572	177.86
0.6568	177.95
0.6564	178.17
0.656	178.28
0.6556	178.37
0.6552	178.41
0.6548	178.47
0.6544	178.65
0.654	178.69
0.6536	178.85
0.6532	178.94
0.6528	179.19
0.6524	179.41
0.652	179.52
0.6516	179.63
0.6512	179.71
0.6508	179.81
0.6504	180.0
0.65	180.0
0.6496	180.0
0.6492	180.08
0.6488	180.31
0.6484	180.57
0.648	180.69
0.6476	180.84
0.6472	181.05
0.6468	181.22
0.6464	181.34
0.646	181.37
0.6456	181.44
0.6452	181.6
0.6448	181.71
0.6444	181.9
0.644	182.0
0.6436	182.18
0.6432	182.36
0.6428	182.39
0.6424	182.57
0.642	182.67
0.6416	182.81
0.6412	182.89
0.6408	182.98
0.6404	183.29
0.64	183.34
0.6396	183.41
0.6392	183.5
0.6388	183.52
0.6384	183.71
0.638	183.84
0.6376	183.95
0.6372	184.08
0.6368	184.28
0.6364	184.37
0.636	184.47
0.6356	184.83
0.6352	185.0
0.6348	185.04
0.6344	185.14
0.634	185.17
0.6336	185.41
0.6332	185.48
0.6328	185.5
0.6324	185.58
0.632	185.68
0.6316	185.81
0.6312	185.89
0.6308	186.0
0.6304	186.24
0.63	186.32
0.6296	186.41
0.6292	186.47
0.6288	186.6
0.6284	186.73
0.628	186.86
0.6276	187.13
0.6272	187.3
0.6268	187.42
0.6264	187.57
0.626	187.71
0.6256	187.83
0.6252	187.96
0.6248	188.17
0.6244	188.41
0.624	188.52
0.6236	188.67
0.6232	188.84
0.6228	189.11
0.6224	189.19
0.622	189.37
0.6216	189.56
0.6212	189.78
0.6208	189.98
0.6204	190.0
0.62	190.24
0.6196	190.56
0.6192	190.77
0.6188	190.97
0.6184	191.0
0.618	191.05
0.6176	191.15
0.6172	191.29
0.6168	191.39
0.6164	191.62
0.616	191.88
0.6156	192.0
0.6152	192.27
0.6148	192.44
0.6144	192.56
0.614	192.68
0.6136	192.72
0.6132	192.78
0.6128	192.99
0.6124	193.07
0.612	193.1
0.6116	193.25
0.6112	193.53
0.6108	193.8
0.6104	193.91
0.61	194.0
0.6096	194.32
0.6092	194.36
0.6088	194.64
0.6084	194.71
0.608	194.71
0.6076	194.71
0.6072	194.71
0.6068	194.76
0.6064	194.89
0.606	195.09
0.6056	195.14
0.6052	195.28
0.6048	195.48
0.6044	195.54
0.604	195.75
0.6036	195.89
0.6032	195.95
0.6028	196.21
0.6024	196.41
0.602	196.6
0.6016	196.71
0.6012	196.94
0.6008	197.0
0.6004	197.06
0.6	197.18
0.5996	197.22
0.5992	197.31
0.5988	197.47
0.5984	197.48
0.598	197.5
0.5976	197.51
0.5972	197.6
0.5968	197.69
0.5964	197.8
0.596	197.98
0.5956	198.12
0.5952	198.25
0.5948	198.37
0.5944	198.52
0.594	198.62
0.5936	198.71
0.5932	198.88
0.5928	198.94
0.5924	199.07
0.592	199.31
0.5916	199.4
0.5912	199.86
0.5908	200.03
0.5904	200.19
0.59	200.36
0.5896	200.43
0.5892	200.7
0.5888	200.76
0.5884	200.78
0.588	200.96
0.5876	201.08
0.5872	201.26
0.5868	201.36
0.5864	201.37
0.586	201.44
0.5856	201.5
0.5852	201.68
0.5848	201.77
0.5844	201.84
0.584	201.95
0.5836	202.44
0.5832	202.59
0.5828	202.71
0.5824	202.78
0.582	202.82
0.5816	202.97
0.5812	203.06
0.5808	203.08
0.5804	203.11
0.58	203.22
0.5796	203.34
0.5792	203.47
0.5788	203.56
0.5784	203.71
0.578	203.91
0.5776	204.09
0.5772	204.39
0.5768	204.48
0.5764	204.65
0.576	204.77
0.5756	205.0
0.5752	205.14
0.5748	205.23
0.5744	205.33
0.574	205.46
0.5736	205.69
0.5732	205.88
0.5728	206.06
0.5724	206.3
0.572	206.52
0.5716	206.59
0.5712	206.88
0.5708	207.26
0.5704	207.45
0.57	207.67
0.5696	207.92
0.5692	208.1
0.5688	208.2
0.5684	208.26
0.568	208.44
0.5676	208.46
0.5672	208.48
0.5668	208.56
0.5664	208.83
0.566	209.0
0.5656	209.05
0.5652	209.15
0.5648	209.33
0.5644	209.47
0.564	209.52
0.5636	209.76
0.5632	209.84
0.5628	210.0
0.5624	210.0
0.562	210.0
0.5616	210.0
0.5612	210.19
0.5608	210.34
0.5604	210.55
0.56	210.65
0.5596	210.72
0.5592	210.8
0.5588	210.85
0.5584	211.0
0.558	211.0
0.5576	211.12
0.5572	211.19
0.5568	211.24
0.5564	211.34
0.556	211.62
0.5556	211.72
0.5552	211.82
0.5548	212.0
0.5544	212.0
0.554	212.14
0.5536	212.36
0.5532	212.54
0.5528	212.74
0.5524	212.84
0.552	212.97
0.5516	213.25
0.5512	213.4
0.5508	213.65
0.5504	213.69
0.55	213.71
0.5496	213.78
0.5492	213.92
0.5488	214.0
0.5484	214.08
0.548	214.38
0.5476	214.5
0.5472	214.58
0.5468	214.65
0.5464	214.71
0.546	214.72
0.5456	214.84
0.5452	214.92
0.5448	215.04
0.5444	215.1
0.544	215.3
0.5436	215.48
0.5432	215.84
0.5428	216.1
0.5424	216.28
0.542	216.36
0.5416	216.44
0.5412	216.56
0.5408	216.65
0.5404	216.75
0.54	216.86
0.5396	217.0
0.5392	217.16
0.5388	217.45
0.5384	217.56
0.538	217.78
0.5376	217.95
0.5372	218.06
0.5368	218.11
0.5364	218.38
0.536	218.73
0.5356	218.94
0.5352	219.0
0.5348	219.0
0.5344	219.0
0.534	219.15
0.5336	219.23
0.5332	219.35
0.5328	219.42
0.5324	219.48
0.532	219.67
0.5316	219.75
0.5312	219.87
0.5308	219.95
0.5304	219.99
0.53	220.15
0.5296	220.54
0.5292	220.76
0.5288	220.79
0.5284	220.9
0.528	220.94
0.5276	221.0
0.5272	221.0
0.5268	221.0
0.5264	221.03
0.526	221.2
0.5256	221.37
0.5252	221.5
0.5248	221.65
0.5244	221.76
0.524	221.93
0.5236	222.02
0.5232	222.14
0.5228	222.24
0.5224	222.3
0.522	222.46
0.5216	222.62
0.5212	222.84
0.5208	222.97
0.5204	223.05
0.52	223.07
0.5196	223.11
0.5192	223.39
0.5188	223.53
0.5184	223.62
0.518	223.9
0.5176	224.1
0.5172	224.14
0.5168	224.21
0.5164	224.29
0.516	224.36
0.5156	224.4
0.5152	224.5
0.5148	224.6
0.5144	224.89
0.514	224.94
0.5136	225.17
0.5132	225.48
0.5128	225.55
0.5124	225.67
0.512	225.75
0.5116	225.89
0.5112	226.0
0.5108	226.05
0.5104	226.21
0.51	226.45
0.5096	226.57
0.5092	226.58
0.5088	226.6
0.5084	226.76
0.508	226.85
0.5076	226.96
0.5072	227.09
0.5068	227.15
0.5064	227.22
0.506	227.36
0.5056	227.55
0.5052	227.8
0.5048	227.86
0.5044	228.0
0.504	228.24
0.5036	228.35
0.5032	228.45
0.5028	228.49
0.5024	228.55
0.502	228.65
0.5016	228.71
0.5012	228.81
0.5008	229.11
0.5004	229.18
0.5	229.36
0.4996	229.37
0.4992	229.46
0.4988	229.59
0.4984	229.7
0.498	229.77
0.4976	229.94
0.4972	230.0
0.4968	230.12
0.4964	230.13
0.496	230.27
0.4956	230.44
0.4952	230.65
0.4948	230.84
0.4944	230.88
0.494	231.0
0.4936	231.0
0.4932	231.26
0.4928	231.5
0.4924	231.62
0.492	231.74
0.4916	232.09
0.4912	232.32
0.4908	232.4
0.4904	232.53
0.49	232.61
0.4896	232.81
0.4892	232.89
0.4888	232.98
0.4884	233.0
0.488	233.0
0.4876	233.0
0.4872	233.0
0.4868	233.0
0.4864	233.06
0.486	233.2
0.4856	233.33
0.4852	233.39
0.4848	233.42
0.4844	233.58
0.484	233.71
0.4836	233.71
0.4832	233.94
0.4828	234.0
0.4824	234.13
0.482	234.14
0.4816	234.29
0.4812	234.45
0.4808	234.5
0.4804	234.51
0.48	234.75
0.4796	234.89
0.4792	234.98
0.4788	235.0
0.4784	235.04
0.478	235.15
0.4776	235.28
0.4772	235.34
0.4768	235.36
0.4764	235.49
0.476	235.58
0.4756	235.71
0.4752	235.71
0.4748	235.81
0.4744	235.85
0.474	236.05
0.4736	236.2
0.4732	236.36
0.4728	236.5
0.4724	236.58
0.472	236.74
0.4716	236.82
0.4712	236.98
0.4708	237.0
0.4704	237.0
0.47	237.21
0.4696	237.34
0.4692	237.44
0.4688	237.62
0.4684	237.71
0.468	237.88
0.4676	237.96
0.4672	238.01
0.4668	238.45
0.4664	238.48
0.466	238.54
0.4656	238.69
0.4652	238.8
0.4648	238.83
0.4644	238.85
0.464	239.0
0.4636	239.21
0.4632	239.22
0.4628	239.37
0.4624	239.59
0.462	239.67
0.4616	239.73
0.4612	239.83
0.4608	240.06
0.4604	240.22
0.46	240.36
0.4596	240.44
0.4592	240.5
0.4588	240.6
0.4584	240.66
0.458	240.71
0.4576	240.74
0.4572	240.86
0.4568	240.91
0.4564	240.98
0.456	241.05
0.4556	241.1
0.4552	241.35
0.4548	241.5
0.4544	241.59
0.454	241.69
0.4536	241.94
0.4532	242.0
0.4528	242.11
0.4524	242.34
0.452	242.42
0.4516	242.58
0.4512	242.74
0.4508	242.89
0.4504	242.96
0.45	243.0
0.4496	243.17
0.4492	243.31
0.4488	243.35
0.4484	243.47
0.448	243.57
0.4476	243.68
0.4472	243.89
0.4468	244.0
0.4464	244.14
0.446	244.34
0.4456	244.46
0.4452	244.63
0.4448	244.73
0.4444	244.92
0.444	245.04
0.4436	245.24
0.4432	245.38
0.4428	245.44
0.4424	245.77
0.442	245.81
0.4416	246.0
0.4412	246.13
0.4408	246.14
0.4404	246.36
0.44	246.48
0.4396	246.5
0.4392	246.59
0.4388	246.72
0.4384	246.86
0.438	247.0
0.4376	247.19
0.4372	247.38
0.4368	247.46
0.4364	247.52
0.436	247.68
0.4356	248.0
0.4352	248.0
0.4348	248.0
0.4344	248.0
0.434	248.0
0.4336	248.12
0.4332	248.14
0.4328	248.22
0.4324	248.26
0.432	248.29
0.4316	248.3
0.4312	248.4
0.4308	248.55
0.4304	248.59
0.43	248.76
0.4296	248.99
0.4292	249.07
0.4288	249.23
0.4284	249.32
0.428	249.4
0.4276	249.61
0.4272	249.77
0.4268	249.93
0.4264	250.08
0.426	250.26
0.4256	250.46
0.4252	250.58
0.4248	250.73
0.4244	250.84
0.424	250.95
0.4236	251.0
0.4232	251.14
0.4228	251.29
0.4224	251.45
0.422	251.63
0.4216	251.72
0.4212	251.94
0.4208	252.05
0.4204	252.09
0.42	252.24
0.4196	252.32
0.4192	252.43
0.4188	252.61
0.4184	252.64
0.418	252.67
0.4176	252.85
0.4172	253.06
0.4168	253.25
0.4164	253.41
0.416	253.55
0.4156	253.65
0.4152	253.76
0.4148	254.0
0.4144	254.16
0.414	254.34
0.4136	254.41
0.4132	254.56
0.4128	254.67
0.4124	254.79
0.412	255.06
0.4116	255.15
0.4112	255.38
0.4108	255.6
0.4104	255.68
0.41	255.78
0.4096	255.93
0.4092	256.0
0.4088	256.09
0.4084	256.22
0.408	256.35
0.4076	256.48
0.4072	256.72
0.4068	257.0
0.4064	257.29
0.406	257.39
0.4056	257.52
0.4052	257.6
0.4048	257.8
0.4044	257.97
0.404	258.0
0.4036	258.05
0.4032	258.13
0.4028	258.34
0.4024	258.45
0.402	258.5
0.4016	258.71
0.4012	258.77
0.4008	258.87
0.4004	259.0
0.4	259.17
0.3996	259.23
0.3992	259.41
0.3988	259.56
0.3984	259.74
0.398	259.89
0.3976	259.96
0.3972	260.0
0.3968	260.0
0.3964	260.19
0.396	260.32
0.3956	260.44
0.3952	260.62
0.3948	260.71
0.3944	261.02
0.394	261.21
0.3936	261.3
0.3932	261.36
0.3928	261.39
0.3924	261.61
0.392	261.72
0.3916	261.8
0.3912	261.89
0.3908	262.07
0.3904	262.12
0.39	262.21
0.3896	262.37
0.3892	262.4
0.3888	262.65
0.3884	262.73
0.388	262.8
0.3876	262.9
0.3872	263.12
0.3868	263.3
0.3864	263.48
0.386	263.62
0.3856	263.77
0.3852	263.88
0.3848	264.08
0.3844	264.24
0.384	264.36
0.3836	264.57
0.3832	264.66
0.3828	264.77
0.3824	265.01
0.382	265.27
0.3816	265.37
0.3812	265.49
0.3808	265.65
0.3804	265.76
0.38	265.82
0.3796	266.03
0.3792	266.14
0.3788	266.47
0.3784	266.6
0.378	266.75
0.3776	267.0
0.3772	267.06
0.3768	267.17
0.3764	267.28
0.376	267.35
0.3756	267.62
0.3752	267.74
0.3748	267.84
0.3744	268.07
0.374	268.22
0.3736	268.32
0.3732	268.43
0.3728	268.48
0.3724	268.55
0.372	268.68
0.3716	268.9
0.3712	269.15
0.3708	269.28
0.3704	269.41
0.37	269.63
0.3696	269.72
0.3692	269.78
0.3688	270.0
0.3684	270.0
0.368	270.07
0.3676	270.22
0.3672	270.27
0.3668	270.68
0.3664	270.74
0.366	270.86
0.3656	271.0
0.3652	271.17
0.3648	271.25
0.3644	271.31
0.364	271.39
0.3636	271.65
0.3632	271.83
0.3628	271.89
0.3624	271.89
0.362	272.0
0.3616	272.0
0.3612	272.01
0.3608	272.39
0.3604	272.48
0.36	272.55
0.3596	272.63
0.3592	273.12
0.3588	273.27
0.3584	273.41
0.358	273.85
0.3576	274.0
0.3572	274.1
0.3568	274.22
0.3564	274.3
0.356	274.51
0.3556	274.58
0.3552	274.69
0.3548	274.71
0.3544	274.92
0.354	275.12
0.3536	275.27
0.3532	275.37
0.3528	275.5
0.3524	275.58
0.352	275.71
0.3516	275.8
0.3512	275.98
0.3508	276.17
0.3504	276.35
0.35	276.36
0.3496	276.38
0.3492	276.57
0.3488	276.67
0.3484	276.81
0.348	276.96
0.3476	277.12
0.3472	277.3
0.3468	277.36
0.3464	277.45
0.346	277.47
0.3456	277.63
0.3452	277.81
0.3448	278.0
0.3444	278.02
0.344	278.13
0.3436	278.3
0.3432	278.34
0.3428	278.48
0.3424	278.84
0.342	278.95
0.3416	279.0
0.3412	279.07
0.3408	279.07
0.3404	279.28
0.34	279.38
0.3396	279.49
0.3392	279.6
0.3388	279.62
0.3384	279.73
0.338	279.82
0.3376	279.95
0.3372	280.1
0.3368	280.46
0.3364	280.92
0.336	281.08
0.3356	281.15
0.3352	281.33
0.3348	281.66
0.3344	281.71
0.334	281.79
0.3336	281.91
0.3332	282.14
0.3328	282.39
0.3324	282.47
0.332	282.52
0.3316	282.7
0.3312	282.74
0.3308	282.93
0.3304	283.05
0.33	283.18
0.3296	283.41
0.3292	283.62
0.3288	283.91
0.3284	284.12
0.328	284.3
0.3276	284.65
0.3272	284.81
0.3268	284.95
0.3264	285.1
0.326	285.16
0.3256	285.28
0.3252	285.34
0.3248	285.45
0.3244	285.63
0.324	285.79
0.3236	286.06
0.3232	286.15
0.3228	286.45
0.3224	286.71
0.322	286.8
0.3216	286.91
0.3212	287.0
0.3208	287.12
0.3204	287.16
0.32	287.27
0.3196	287.43
0.3192	287.65
0.3188	287.82
0.3184	288.15
0.318	288.42
0.3176	288.61
0.3172	288.84
0.3168	288.95
0.3164	289.0
0.316	289.07
0.3156	289.41
0.3152	289.56
0.3148	289.67
0.3144	289.8
0.314	289.89
0.3136	290.0
0.3132	290.0
0.3128	290.1
0.3124	290.31
0.312	290.59
0.3116	290.73
0.3112	290.91
0.3108	291.2
0.3104	291.34
0.31	291.41
0.3096	291.53
0.3092	291.71
0.3088	292.0
0.3084	292.09
0.308	292.66
0.3076	292.77
0.3072	292.81
0.3068	292.91
0.3064	293.1
0.306	293.36
0.3056	293.37
0.3052	293.66
0.3048	293.79
0.3044	294.0
0.304	294.0
0.3036	294.08
0.3032	294.18
0.3028	294.31
0.3024	294.74
0.302	294.97
0.3016	295.0
0.3012	295.1
0.3008	295.21
0.3004	295.45
0.3	295.73
0.2996	296.0
0.2992	296.23
0.2988	296.37
0.2984	296.56
0.298	296.58
0.2976	296.71
0.2972	296.71
0.2968	296.71
0.2964	296.77
0.296	296.86
0.2956	296.91
0.2952	297.11
0.2948	297.17
0.2944	297.29
0.294	297.49
0.2936	297.72
0.2932	298.0
0.2928	298.25
0.2924	298.42
0.292	298.66
0.2916	298.84
0.2912	298.91
0.2908	299.11
0.2904	299.34
0.29	299.5
0.2896	299.69
0.2892	299.76
0.2888	299.96
0.2884	299.98
0.288	300.15
0.2876	300.29
0.2872	300.45
0.2868	300.72
0.2864	300.96
0.286	301.19
0.2856	301.27
0.2852	301.53
0.2848	301.81
0.2844	301.93
0.284	302.12
0.2836	302.28
0.2832	302.49
0.2828	302.75
0.2824	302.94
0.282	302.98
0.2816	303.14
0.2812	303.32
0.2808	303.53
0.2804	303.85
0.28	303.96
0.2796	304.0
0.2792	304.21
0.2788	304.35
0.2784	304.55
0.278	304.67
0.2776	304.83
0.2772	304.98
0.2768	305.18
0.2764	305.34
0.276	305.5
0.2756	305.89
0.2752	306.03
0.2748	306.16
0.2744	306.22
0.274	306.41
0.2736	306.82
0.2732	307.0
0.2728	307.09
0.2724	307.15
0.272	307.34
0.2716	307.49
0.2712	307.65
0.2708	307.71
0.2704	307.92
0.27	308.31
0.2696	308.53
0.2692	308.84
0.2688	309.0
0.2684	309.14
0.268	309.26
0.2676	309.57
0.2672	309.73
0.2668	309.84
0.2664	310.0
0.266	310.06
0.2656	310.31
0.2652	310.43
0.2648	310.69
0.2644	310.91
0.264	311.0
0.2636	311.21
0.2632	311.5
0.2628	311.71
0.2624	311.78
0.262	311.92
0.2616	312.04
0.2612	312.24
0.2608	312.31
0.2604	312.44
0.26	312.62
0.2596	312.82
0.2592	313.0
0.2588	313.36
0.2584	313.56
0.258	313.98
0.2576	314.0
0.2572	314.24
0.2568	314.45
0.2564	314.5
0.256	314.65
0.2556	314.8
0.2552	315.02
0.2548	315.23
0.2544	315.37
0.254	315.46
0.2536	315.69
0.2532	315.93
0.2528	316.0
0.2524	316.12
0.252	316.21
0.2516	316.35
0.2512	316.66
0.2508	316.98
0.2504	317.1
0.25	317.21
0.2496	317.34
0.2492	317.37
0.2488	317.51
0.2484	317.66
0.248	317.8
0.2476	318.0
0.2472	318.0
0.2468	318.13
0.2464	318.4
0.246	318.57
0.2456	318.67
0.2452	318.86
0.2448	318.97
0.2444	319.0
0.244	319.37
0.2436	319.49
0.2432	319.8
0.2428	320.05
0.2424	320.17
0.242	320.32
0.2416	320.52
0.2412	320.69
0.2408	320.81
0.2404	320.97
0.24	321.26
0.2396	321.46
0.2392	321.81
0.2388	321.89
0.2384	322.0
0.238	322.48
0.2376	322.8
0.2372	323.04
0.2368	323.2
0.2364	323.24
0.236	323.41
0.2356	323.59
0.2352	323.69
0.2348	324.0
0.2344	324.2
0.234	324.58
0.2336	324.7
0.2332	324.82
0.2328	324.98
0.2324	325.1
0.232	325.23
0.2316	325.49
0.2312	325.65
0.2308	326.0
0.2304	326.19
0.23	326.28
0.2296	326.53
0.2292	326.62
0.2288	326.93
0.2284	327.25
0.228	327.38
0.2276	327.67
0.2272	327.87
0.2268	328.17
0.2264	328.52
0.226	328.62
0.2256	328.84
0.2252	329.02
0.2248	329.16
0.2244	329.44
0.224	329.52
0.2236	329.74
0.2232	329.96
0.2228	330.06
0.2224	330.21
0.222	330.67
0.2216	330.92
0.2212	331.1
0.2208	331.35
0.2204	331.5
0.22	331.77
0.2196	332.05
0.2192	332.39
0.2188	332.68
0.2184	332.82
0.218	333.0
0.2176	333.0
0.2172	333.38
0.2168	333.53
0.2164	333.91
0.216	334.02
0.2156	334.12
0.2152	334.23
0.2148	334.56
0.2144	334.8
0.214	335.0
0.2136	335.11
0.2132	335.39
0.2128	335.51
0.2124	335.72
0.212	336.27
0.2116	336.71
0.2112	336.73
0.2108	336.83
0.2104	337.0
0.21	337.2
0.2096	337.28
0.2092	337.47
0.2088	337.53
0.2084	337.69
0.208	337.81
0.2076	338.04
0.2072	338.22
0.2068	338.41
0.2064	338.6
0.206	338.78
0.2056	339.06
0.2052	339.33
0.2048	339.74
0.2044	339.89
0.204	340.08
0.2036	340.15
0.2032	340.45
0.2028	340.45
0.2024	340.54
0.202	340.76
0.2016	341.0
0.2012	341.0
0.2008	341.22
0.2004	341.42
0.2	341.59
0.1996	341.77
0.1992	342.08
0.1988	342.19
0.1984	342.46
0.198	342.56
0.1976	342.87
0.1972	343.0
0.1968	343.21
0.1964	343.45
0.196	343.6
0.1956	343.92
0.1952	344.13
0.1948	344.44
0.1944	344.69
0.194	345.05
0.1936	345.28
0.1932	345.38
0.1928	345.49
0.1924	346.11
0.192	346.29
0.1916	346.48
0.1912	346.51
0.1908	346.69
0.1904	346.92
0.19	347.06
0.1896	347.19
0.1892	347.48
0.1888	347.79
0.1884	347.96
0.188	348.07
0.1876	348.48
0.1872	348.57
0.1868	348.75
0.1864	349.0
0.186	349.06
0.1856	349.12
0.1852	349.52
0.1848	349.8
0.1844	350.0
0.184	350.35
0.1836	350.56
0.1832	350.73
0.1828	350.86
0.1824	351.14
0.182	351.42
0.1816	351.74
0.1812	351.98
0.1808	352.03
0.1804	352.59
0.18	352.83
0.1796	352.98
0.1792	353.06
0.1788	353.21
0.1784	353.41
0.178	353.56
0.1776	353.68
0.1772	353.85
0.1768	354.04
0.1764	354.14
0.176	354.16
0.1756	354.36
0.1752	354.71
0.1748	355.04
0.1744	355.16
0.174	355.16
0.1736	355.47
0.1732	355.72
0.1728	356.1
0.1724	356.34
0.172	356.48
0.1716	356.52
0.1712	356.85
0.1708	357.0
0.1704	357.37
0.17	357.85
0.1696	358.24
0.1692	358.38
0.1688	358.51
0.1684	358.86
0.168	359.0
0.1676	359.28
0.1672	359.4
0.1668	359.53
0.1664	359.65
0.166	360.0
0.1656	360.38
0.1652	360.59
0.1648	360.71
0.1644	361.0
0.164	361.38
0.1636	361.75
0.1632	362.0
0.1628	362.02
0.1624	362.44
0.162	362.48
0.1616	362.84
0.1612	363.0
0.1608	363.0
0.1604	363.14
0.16	363.25
0.1596	363.66
0.1592	363.98
0.1588	364.0
0.1584	364.18
0.158	364.76
0.1576	365.28
0.1572	365.44
0.1568	365.66
0.1564	365.89
0.156	366.0
0.1556	366.36
0.1552	366.53
0.1548	366.87
0.1544	367.02
0.154	367.08
0.1536	367.34
0.1532	367.36
0.1528	367.36
0.1524	367.46
0.152	367.73
0.1516	368.01
0.1512	368.14
0.1508	368.47
0.1504	368.68
0.15	368.84
0.1496	368.84
0.1492	369.0
0.1488	369.32
0.1484	369.73
0.148	370.0
0.1476	370.04
0.1472	370.21
0.1468	370.34
0.1464	370.7
0.146	371.08
0.1456	371.31
0.1452	371.6
0.1448	371.77
0.1444	372.06
0.144	372.26
0.1436	372.47
0.1432	372.87
0.1428	373.08
0.1424	373.26
0.142	373.4
0.1416	373.71
0.1412	374.0
0.1408	374.14
0.1404	374.37
0.14	374.74
0.1396	375.12
0.1392	375.7
0.1388	376.12
0.1384	376.56
0.138	376.72
0.1376	376.87
0.1372	377.09
0.1368	377.44
0.1364	377.77
0.136	377.98
0.1356	378.17
0.1352	378.38
0.1348	378.49
0.1344	378.96
0.134	379.5
0.1336	379.76
0.1332	380.16
0.1328	380.37
0.1324	380.51
0.132	380.74
0.1316	380.74
0.1312	381.24
0.1308	381.5
0.1304	381.76
0.13	381.9
0.1296	382.07
0.1292	382.43
0.1288	383.05
0.1284	383.44
0.128	383.63
0.1276	384.07
0.1272	384.56
0.1268	384.69
0.1264	384.89
0.126	385.0
0.1256	385.22
0.1252	385.5
0.1248	385.65
0.1244	385.67
0.124	386.0
0.1236	386.36
0.1232	386.49
0.1228	386.98
0.1224	387.07
0.122	387.29
0.1216	387.47
0.1212	387.9
0.1208	388.16
0.1204	388.31
0.12	388.43
0.1196	388.85
0.1192	389.07
0.1188	389.16
0.1184	389.47
0.118	389.76
0.1176	389.98
0.1172	390.37
0.1168	390.71
0.1164	390.91
0.116	391.2
0.1156	391.66
0.1152	392.34
0.1148	392.5
0.1144	392.69
0.114	392.98
0.1136	393.36
0.1132	393.45
0.1128	394.05
0.1124	394.16
0.112	394.29
0.1116	394.36
0.1112	394.79
0.1108	395.09
0.1104	395.56
0.11	395.92
0.1096	396.08
0.1092	396.18
0.1088	396.66
0.1084	397.68
0.108	398.24
0.1076	398.64
0.1072	398.84
0.1068	399.05
0.1064	399.22
0.106	399.56
0.1056	400.17
0.1052	400.74
0.1048	401.21
0.1044	401.55
0.104	402.0
0.1036	402.05
0.1032	402.39
0.1028	402.77
0.1024	402.98
0.102	403.48
0.1016	403.9
0.1012	404.36
0.1008	404.91
0.1004	405.35
0.1	405.7
0.0996	405.98
0.0992	406.36
0.0988	406.71
0.0984	406.91
0.098	407.1
0.0976	407.24
0.0972	407.69
0.0968	407.89
0.0964	408.08
0.096	408.98
0.0956	409.49
0.0952	409.77
0.0948	410.23
0.0944	410.45
0.094	410.95
0.0936	411.0
0.0932	411.08
0.0928	411.32
0.0924	412.02
0.092	412.37
0.0916	412.49
0.0912	412.68
0.0908	413.44
0.0904	414.0
0.09	414.58
0.0896	414.65
0.0892	415.12
0.0888	415.41
0.0884	415.87
0.088	416.49
0.0876	417.54
0.0872	418.04
0.0868	418.36
0.0864	418.64
0.086	418.76
0.0856	419.0
0.0852	419.74
0.0848	420.48
0.0844	420.83
0.084	421.0
0.0836	421.67
0.0832	421.91
0.0828	422.44
0.0824	422.87
0.082	422.98
0.0816	423.36
0.0812	423.8
0.0808	424.5
0.0804	424.84
0.08	425.25
0.0796	425.56
0.0792	425.89
0.0788	426.86
0.0784	427.34
0.078	427.8
0.0776	428.33
0.0772	428.7
0.0768	428.83
0.0764	429.51
0.076	430.55
0.0756	431.07
0.0752	431.36
0.0748	432.0
0.0744	432.43
0.074	432.98
0.0736	433.45
0.0732	434.11
0.0728	435.1
0.0724	435.49
0.072	435.96
0.0716	436.69
0.0712	437.24
0.0708	438.35
0.0704	438.84
0.07	439.23
0.0696	439.71
0.0692	440.15
0.0688	441.0
0.0684	441.17
0.068	442.25
0.0676	442.69
0.0672	443.08
0.0668	444.0
0.0664	444.27
0.066	444.46
0.0656	445.1
0.0652	445.5
0.0648	445.86
0.0644	446.69
0.064	447.36
0.0636	447.7
0.0632	448.55
0.0628	449.0
0.0624	449.02
0.062	449.56
0.0616	450.0
0.0612	450.27
0.0608	450.94
0.0604	451.73
0.06	452.17
0.0596	452.74
0.0592	454.33
0.0588	454.79
0.0584	455.26
0.058	456.66
0.0576	457.36
0.0572	457.48
0.0568	457.84
0.0564	458.76
0.056	459.68
0.0556	460.35
0.0552	461.04
0.0548	462.01
0.0544	462.46
0.054	462.91
0.0536	464.19
0.0532	464.26
0.0528	464.26
0.0524	464.3
0.052	465.44
0.0516	465.97
0.0512	466.78
0.0508	467.64
0.0504	468.28
0.05	468.71
0.0496	469.44
0.0492	470.0
0.0488	471.76
0.0484	472.55
0.048	473.51
0.0476	473.87
0.0472	474.66
0.0468	475.72
0.0464	476.26
0.046	476.6
0.0456	477.75
0.0452	478.28
0.0448	479.0
0.0444	479.71
0.044	480.32
0.0436	481.45
0.0432	482.37
0.0428	482.95
0.0424	483.78
0.042	484.76
0.0416	485.74
0.0412	486.77
0.0408	487.54
0.0404	487.99
0.04	489.98
0.0396	490.77
0.0392	491.21
0.0388	491.44
0.0384	491.81
0.038	492.65
0.0376	493.03
0.0372	494.05
0.0368	494.65
0.0364	496.0
0.036	497.27
0.0356	498.67
0.0352	499.37
0.0348	500.42
0.0344	501.85
0.034	503.11
0.0336	503.98
0.0332	505.09
0.0328	505.54
0.0324	506.62
0.032	508.49
0.0316	511.27
0.0312	512.63
0.0308	513.96
0.0304	515.36
0.03	517.42
0.0296	518.46
0.0292	519.86
0.0288	521.78
0.0284	523.57
0.028	524.74
0.0276	526.3
0.0272	528.46
0.0268	530.15
0.0264	530.83
0.026	532.06
0.0256	533.33
0.0252	535.38
0.0248	537.06
0.0244	538.2
0.024	541.15
0.0236	542.18
0.0232	543.43
0.0228	544.35
0.0224	546.0
0.022	547.81
0.0216	551.12
0.0212	552.53
0.0208	554.45
0.0204	557.0
0.02	558.78
0.0196	560.74
0.0192	562.11
0.0188	562.44
0.0184	564.23
0.018	567.94
0.0176	570.65
0.0172	575.06
0.0168	579.0
0.0164	579.41
0.016	581.93
0.0156	583.72
0.0152	585.14
0.0148	587.03
0.0144	588.14
0.014	592.41
0.0136	594.2
0.0132	598.22
0.0128	600.02
0.0124	602.97
0.012	607.97
0.0116	608.9
0.0112	616.84
0.0108	621.95
0.0104	625.11
0.01	631.24