prob	ls
0.9996	0.0
0.9992	0.0
0.9988	0.0
0.9984	0.0
0.998	0.0
0.9976	0.0
0.9972	0.0
0.9968	0.0
0.9964	0.0
0.996	0.0
0.9956	0.0
0.9952	0.0
0.9948	0.0
0.9944	0.0
0.994	0.0
0.9936	0.0
0.9932	0.0
0.9928	0.0
0.9924	0.0
0.992	0.0
0.9916	0.0
0.9912	0.0
0.9908	0.0
0.9904	0.0
0.99	0.0
0.9896	0.0
0.9892	0.0
0.9888	0.0
0.9884	0.0
0.988	0.0
0.9876	0.0
0.9872	0.0
0.9868	0.0
0.9864	0.0
0.986	0.0
0.9856	0.0
0.9852	0.0
0.9848	0.0
0.9844	0.0
0.984	0.0
0.9836	0.0
0.9832	0.0
0.9828	0.0
0.9824	0.0
0.982	0.0
0.9816	0.0
0.9812	0.0
0.9808	0.0
0.9804	0.0
0.98	0.0
0.9796	0.0
0.9792	0.0
0.9788	0.0
0.9784	0.0
0.978	0.0
0.9776	0.0
0.9772	0.0
0.9768	0.0
0.9764	0.0
0.976	0.0
0.9756	0.0
0.9752	0.0
0.9748	0.0
0.9744	0.0
0.974	0.0
0.9736	0.0
0.9732	0.0
0.9728	0.0
0.9724	0.0
0.972	0.0
0.9716	0.0
0.9712	0.0
0.9708	0.0
0.9704	0.0
0.97	0.0
0.9696	0.0
0.9692	0.0
0.9688	0.0
0.9684	0.0
0.968	0.0
0.9676	0.0
0.9672	0.0
0.9668	0.0
0.9664	0.0
0.966	0.0
0.9656	0.0
0.9652	0.0
0.9648	0.0
0.9644	0.0
0.964	0.0
0.9636	0.0
0.9632	0.0
0.9628	0.0
0.9624	0.0
0.962	0.0
0.9616	0.0
0.9612	0.0
0.9608	0.0
0.9604	0.0
0.96	0.0
0.9596	0.0
0.9592	0.0
0.9588	0.0
0.9584	0.0
0.958	0.0
0.9576	0.0
0.9572	0.0
0.9568	0.0
0.9564	0.0
0.956	0.0
0.9556	0.0
0.9552	0.0
0.9548	0.0
0.9544	0.0
0.954	0.0
0.9536	0.0
0.9532	0.0
0.9528	0.0
0.9524	0.0
0.952	0.0
0.9516	0.0
0.9512	0.0
0.9508	0.0
0.9504	0.0
0.95	0.0
0.9496	0.0
0.9492	22.0
0.9488	22.0
0.9484	22.0
0.948	22.0
0.9476	22.0
0.9472	22.0
0.9468	22.0
0.9464	22.0
0.946	22.0
0.9456	22.0
0.9452	22.0
0.9448	22.0
0.9444	22.0
0.944	22.0
0.9436	24.5
0.9432	24.5
0.9428	24.5
0.9424	24.5
0.942	24.5
0.9416	24.5
0.9412	24.5
0.9408	24.5
0.9404	24.5
0.94	24.5
0.9396	24.5
0.9392	24.5
0.9388	24.5
0.9384	24.5
0.938	24.5
0.9376	24.5
0.9372	24.5
0.9368	24.5
0.9364	24.5
0.936	24.5
0.9356	24.5
0.9352	24.5
0.9348	24.5
0.9344	24.5
0.934	24.5
0.9336	24.71
0.9332	27.58
0.9328	31.57
0.9324	40.1
0.932	40.1
0.9316	41.0
0.9312	43.04
0.9308	43.37
0.9304	43.71
0.93	46.5
0.9296	48.4
0.9292	49.46
0.9288	54.11
0.9284	58.15
0.928	60.0
0.9276	60.75
0.9272	61.0
0.9268	61.0
0.9264	61.0
0.926	61.0
0.9256	62.82
0.9252	62.95
0.9248	63.55
0.9244	64.61
0.924	65.5
0.9236	65.65
0.9232	65.71
0.9228	67.15
0.9224	68.29
0.922	69.33
0.9216	71.03
0.9212	72.41
0.9208	74.92
0.9204	75.23
0.92	76.41
0.9196	78.54
0.9192	79.84
0.9188	80.16
0.9184	81.37
0.918	82.0
0.9176	82.81
0.9172	83.89
0.9168	84.76
0.9164	85.26
0.916	86.34
0.9156	87.5
0.9152	89.48
0.9148	90.74
0.9144	92.18
0.914	92.84
0.9136	93.0
0.9132	93.0
0.9128	93.08
0.9124	93.33
0.912	95.37
0.9116	95.71
0.9112	95.95
0.9108	96.74
0.9104	97.82
0.91	99.0
0.9096	99.45
0.9092	100.0
0.9088	100.43
0.9084	101.0
0.908	101.0
0.9076	101.0
0.9072	101.01
0.9068	102.33
0.9064	102.65
0.906	103.28
0.9056	104.25
0.9052	105.23
0.9048	105.36
0.9044	105.36
0.904	105.64
0.9036	107.0
0.9032	107.0
0.9028	107.0
0.9024	107.0
0.902	107.59
0.9016	108.07
0.9012	108.72
0.9008	109.72
0.9004	110.85
0.9	110.91
0.8996	111.88
0.8992	112.24
0.8988	113.05
0.8984	113.65
0.898	113.86
0.8976	114.21
0.8972	114.36
0.8968	114.79
0.8964	114.85
0.896	115.49
0.8956	116.09
0.8952	116.6
0.8948	117.36
0.8944	117.5
0.894	118.23
0.8936	118.59
0.8932	118.99
0.8928	119.71
0.8924	120.52
0.892	121.0
0.8916	121.32
0.8912	122.0
0.8908	122.0
0.8904	122.48
0.89	122.48
0.8896	123.0
0.8892	123.0
0.8888	123.0
0.8884	123.35
0.888	123.76
0.8876	124.05
0.8872	124.27
0.8868	124.52
0.8864	125.16
0.886	125.39
0.8856	125.71
0.8852	125.71
0.8848	126.05
0.8844	126.56
0.884	126.86
0.8836	127.82
0.8832	128.37
0.8828	129.59
0.8824	129.71
0.882	129.71
0.8816	130.11
0.8812	130.11
0.8808	130.7
0.8804	131.5
0.88	131.5
0.8796	132.0
0.8792	132.0
0.8788	132.0
0.8784	132.49
0.878	133.07
0.8776	133.61
0.8772	134.0
0.8768	134.08
0.8764	134.34
0.876	134.71
0.8756	134.88
0.8752	134.95
0.8748	135.23
0.8744	135.58
0.874	136.13
0.8736	136.35
0.8732	136.82
0.8728	137.41
0.8724	137.7
0.872	138.84
0.8716	139.38
0.8712	139.87
0.8708	140.0
0.8704	140.38
0.87	140.9
0.8696	141.59
0.8692	141.91
0.8688	141.91
0.8684	142.03
0.868	142.42
0.8676	142.65
0.8672	142.8
0.8668	143.38
0.8664	143.81
0.866	144.0
0.8656	144.27
0.8652	144.37
0.8648	144.68
0.8644	145.11
0.864	145.11
0.8636	145.11
0.8632	145.36
0.8628	145.65
0.8624	145.99
0.862	146.0
0.8616	146.0
0.8612	146.0
0.8608	146.0
0.8604	146.16
0.86	146.36
0.8596	146.61
0.8592	146.98
0.8588	147.41
0.8584	147.86
0.858	147.94
0.8576	148.05
0.8572	148.71
0.8568	148.75
0.8564	148.95
0.856	149.01
0.8556	149.47
0.8552	149.54
0.8548	149.83
0.8544	150.1
0.854	150.51
0.8536	150.71
0.8532	151.4
0.8528	151.75
0.8524	152.14
0.852	152.18
0.8516	152.59
0.8512	152.65
0.8508	152.65
0.8504	153.0
0.85	153.0
0.8496	153.0
0.8492	153.0
0.8488	153.0
0.8484	153.0
0.848	153.0
0.8476	153.0
0.8472	153.02
0.8468	153.58
0.8464	153.98
0.846	154.05
0.8456	154.77
0.8452	154.94
0.8448	155.3
0.8444	155.59
0.844	155.71
0.8436	155.71
0.8432	155.71
0.8428	155.95
0.8424	155.95
0.842	155.95
0.8416	155.95
0.8412	156.11
0.8408	156.5
0.8404	156.5
0.84	156.74
0.8396	157.09
0.8392	157.31
0.8388	157.57
0.8384	158.07
0.838	158.47
0.8376	158.6
0.8372	158.75
0.8368	158.95
0.8364	159.46
0.836	160.42
0.8356	160.5
0.8352	160.5
0.8348	161.21
0.8344	161.43
0.834	161.58
0.8336	162.04
0.8332	162.09
0.8328	162.59
0.8324	162.73
0.832	163.21
0.8316	163.4
0.8312	164.05
0.8308	164.14
0.8304	164.24
0.83	164.47
0.8296	164.78
0.8292	165.21
0.8288	165.5
0.8284	165.64
0.828	166.0
0.8276	166.0
0.8272	166.09
0.8268	166.48
0.8264	166.75
0.826	166.95
0.8256	167.0
0.8252	167.11
0.8248	167.11
0.8244	167.11
0.824	167.26
0.8236	167.71
0.8232	168.37
0.8228	168.95
0.8224	169.34
0.822	169.74
0.8216	169.82
0.8212	169.82
0.8208	170.22
0.8204	170.5
0.82	170.5
0.8196	170.86
0.8192	170.98
0.8188	171.81
0.8184	172.21
0.818	172.5
0.8176	172.6
0.8172	172.79
0.8168	173.0
0.8164	173.0
0.816	173.21
0.8156	173.46
0.8152	173.7
0.8148	174.19
0.8144	174.22
0.814	174.5
0.8136	174.69
0.8132	174.81
0.8128	174.95
0.8124	175.21
0.812	175.48
0.8116	175.59
0.8112	175.71
0.8108	175.95
0.8104	176.1
0.81	176.1
0.8096	176.3
0.8092	176.36
0.8088	176.58
0.8084	176.77
0.808	176.93
0.8076	177.23
0.8072	177.52
0.8068	177.77
0.8064	177.88
0.806	178.04
0.8056	178.21
0.8052	178.5
0.8048	178.62
0.8044	178.77
0.804	178.95
0.8036	179.0
0.8032	179.0
0.8028	179.0
0.8024	179.0
0.802	179.0
0.8016	179.07
0.8012	179.28
0.8008	179.61
0.8004	179.86
0.8	179.96
0.7996	180.42
0.7992	180.59
0.7988	180.71
0.7984	180.82
0.798	180.85
0.7976	181.24
0.7972	181.31
0.7968	181.48
0.7964	181.64
0.796	181.85
0.7956	182.11
0.7952	182.11
0.7948	182.57
0.7944	182.81
0.794	182.91
0.7936	182.91
0.7932	183.26
0.7928	183.36
0.7924	183.36
0.792	183.36
0.7916	184.09
0.7912	184.24
0.7908	184.46
0.7904	185.01
0.79	185.07
0.7896	185.11
0.7892	185.11
0.7888	185.68
0.7884	186.14
0.788	186.21
0.7876	186.59
0.7872	186.86
0.7868	186.95
0.7864	187.26
0.786	187.54
0.7856	187.82
0.7852	188.11
0.7848	188.36
0.7844	188.37
0.784	188.48
0.7836	188.6
0.7832	188.62
0.7828	188.68
0.7824	188.91
0.782	189.41
0.7816	189.58
0.7812	190.17
0.7808	190.36
0.7804	190.56
0.78	190.56
0.7796	190.84
0.7792	191.08
0.7788	191.31
0.7784	191.33
0.778	191.87
0.7776	192.0
0.7772	192.0
0.7768	192.0
0.7764	192.0
0.776	192.0
0.7756	192.0
0.7752	192.0
0.7748	192.0
0.7744	192.16
0.774	192.36
0.7736	192.58
0.7732	192.74
0.7728	192.95
0.7724	193.2
0.772	193.46
0.7716	193.65
0.7712	193.74
0.7708	193.88
0.7704	194.0
0.77	194.0
0.7696	194.0
0.7692	194.06
0.7688	194.36
0.7684	194.45
0.768	194.7
0.7676	194.71
0.7672	194.71
0.7668	194.71
0.7664	194.89
0.766	194.95
0.7656	194.95
0.7652	194.95
0.7648	195.11
0.7644	195.24
0.764	195.45
0.7636	195.69
0.7632	196.0
0.7628	196.0
0.7624	196.0
0.762	196.0
0.7616	196.0
0.7612	196.0
0.7608	196.0
0.7604	196.0
0.76	196.0
0.7596	196.0
0.7592	196.0
0.7588	196.0
0.7584	196.13
0.758	196.36
0.7576	196.71
0.7572	196.71
0.7568	196.71
0.7564	196.71
0.756	196.71
0.7556	196.79
0.7552	196.96
0.7548	197.31
0.7544	197.49
0.754	197.5
0.7536	197.58
0.7532	197.59
0.7528	197.66
0.7524	197.74
0.752	197.91
0.7516	198.52
0.7512	198.59
0.7508	198.85
0.7504	198.95
0.75	198.95
0.7496	198.95
0.7492	198.95
0.7488	198.95
0.7484	198.95
0.748	199.23
0.7476	199.46
0.7472	199.52
0.7468	199.76
0.7464	200.06
0.746	200.29
0.7456	200.43
0.7452	200.67
0.7448	200.9
0.7444	201.0
0.744	201.01
0.7436	201.24
0.7432	201.37
0.7428	201.58
0.7424	201.67
0.742	202.07
0.7416	202.11
0.7412	202.18
0.7408	202.27
0.7404	202.48
0.74	202.66
0.7396	202.94
0.7392	203.07
0.7388	203.18
0.7384	203.38
0.738	203.85
0.7376	203.95
0.7372	204.1
0.7368	204.14
0.7364	204.24
0.736	204.29
0.7356	204.66
0.7352	205.11
0.7348	205.21
0.7344	205.37
0.734	205.57
0.7336	205.81
0.7332	205.98
0.7328	206.0
0.7324	206.14
0.732	206.19
0.7316	206.24
0.7312	206.24
0.7308	206.4
0.7304	206.5
0.73	206.76
0.7296	206.85
0.7292	207.0
0.7288	207.29
0.7284	207.5
0.728	207.59
0.7276	207.82
0.7272	207.92
0.7268	208.0
0.7264	208.0
0.726	208.15
0.7256	208.29
0.7252	208.56
0.7248	208.71
0.7244	208.95
0.724	209.1
0.7236	209.61
0.7232	209.76
0.7228	209.93
0.7224	210.17
0.722	210.29
0.7216	210.64
0.7212	210.89
0.7208	211.05
0.7204	211.11
0.72	211.48
0.7196	211.58
0.7192	211.71
0.7188	211.95
0.7184	212.0
0.718	212.0
0.7176	212.14
0.7172	212.44
0.7168	212.57
0.7164	212.65
0.716	212.98
0.7156	213.43
0.7152	213.79
0.7148	214.07
0.7144	214.17
0.714	214.39
0.7136	214.51
0.7132	214.74
0.7128	215.02
0.7124	215.12
0.712	215.32
0.7116	215.36
0.7112	215.46
0.7108	215.6
0.7104	215.6
0.71	215.7
0.7096	216.0
0.7092	216.11
0.7088	216.29
0.7084	216.4
0.708	216.65
0.7076	216.9
0.7072	217.27
0.7068	217.36
0.7064	217.5
0.706	217.71
0.7056	217.95
0.7052	218.0
0.7048	218.04
0.7044	218.5
0.704	218.74
0.7036	219.0
0.7032	219.2
0.7028	219.27
0.7024	219.59
0.702	219.62
0.7016	219.71
0.7012	219.77
0.7008	219.9
0.7004	220.01
0.7	220.19
0.6996	220.48
0.6992	220.62
0.6988	220.97
0.6984	221.07
0.698	221.11
0.6976	221.14
0.6972	221.49
0.6968	221.82
0.6964	222.12
0.696	222.34
0.6956	222.64
0.6952	222.7
0.6948	222.76
0.6944	223.11
0.694	223.16
0.6936	223.41
0.6932	223.77
0.6928	223.86
0.6924	223.99
0.692	224.06
0.6916	224.11
0.6912	224.11
0.6908	224.14
0.6904	224.14
0.69	224.14
0.6896	224.24
0.6892	224.55
0.6888	224.79
0.6884	225.01
0.688	225.05
0.6876	225.21
0.6872	225.66
0.6868	225.86
0.6864	226.03
0.686	226.21
0.6856	226.24
0.6852	226.44
0.6848	226.62
0.6844	226.68
0.684	226.77
0.6836	226.82
0.6832	226.85
0.6828	226.89
0.6824	227.05
0.682	227.13
0.6816	227.36
0.6812	227.55
0.6808	227.61
0.6804	227.75
0.68	227.95
0.6796	228.11
0.6792	228.33
0.6788	228.48
0.6784	228.49
0.678	228.71
0.6776	229.0
0.6772	229.23
0.6768	229.36
0.6764	229.52
0.676	229.62
0.6756	229.75
0.6752	229.98
0.6748	230.35
0.6744	230.74
0.674	231.0
0.6736	231.0
0.6732	231.66
0.6728	231.8
0.6724	232.02
0.672	232.14
0.6716	232.41
0.6712	232.54
0.6708	232.71
0.6704	232.83
0.67	232.98
0.6696	233.0
0.6692	233.0
0.6688	233.21
0.6684	233.43
0.668	233.7
0.6676	233.97
0.6672	234.14
0.6668	234.33
0.6664	234.5
0.666	234.5
0.6656	234.81
0.6652	234.98
0.6648	235.0
0.6644	235.0
0.664	235.0
0.6636	235.14
0.6632	235.4
0.6628	235.45
0.6624	235.61
0.662	235.71
0.6616	235.71
0.6612	235.77
0.6608	236.05
0.6604	236.21
0.66	236.47
0.6596	236.79
0.6592	236.88
0.6588	237.09
0.6584	237.55
0.658	237.71
0.6576	237.85
0.6572	237.95
0.6568	238.05
0.6564	238.11
0.656	238.13
0.6556	238.24
0.6552	238.47
0.6548	238.76
0.6544	238.95
0.654	239.19
0.6536	239.46
0.6532	239.56
0.6528	239.59
0.6524	239.72
0.652	239.99
0.6516	240.05
0.6512	240.36
0.6508	240.52
0.6504	240.58
0.65	240.72
0.6496	240.86
0.6492	241.03
0.6488	241.3
0.6484	241.5
0.648	241.64
0.6476	241.75
0.6472	242.11
0.6468	242.21
0.6464	242.24
0.646	242.49
0.6456	242.65
0.6452	242.92
0.6448	243.1
0.6444	243.14
0.644	243.27
0.6436	243.46
0.6432	243.59
0.6428	243.71
0.6424	244.11
0.642	244.11
0.6416	244.14
0.6412	244.14
0.6408	244.41
0.6404	244.52
0.64	244.76
0.6396	245.11
0.6392	245.21
0.6388	245.39
0.6384	245.51
0.638	245.64
0.6376	245.68
0.6372	245.85
0.6368	246.05
0.6364	246.14
0.636	246.14
0.6356	246.14
0.6352	246.34
0.6348	246.46
0.6344	246.59
0.634	247.01
0.6336	247.24
0.6332	247.59
0.6328	247.87
0.6324	248.08
0.632	248.35
0.6316	248.42
0.6312	248.49
0.6308	248.51
0.6304	248.84
0.63	248.88
0.6296	248.98
0.6292	249.06
0.6288	249.16
0.6284	249.26
0.628	249.56
0.6276	249.69
0.6272	250.0
0.6268	250.0
0.6264	250.05
0.626	250.35
0.6256	250.67
0.6252	250.88
0.6248	251.0
0.6244	251.0
0.624	251.0
0.6236	251.2
0.6232	251.33
0.6228	251.62
0.6224	251.9
0.622	252.21
0.6216	252.31
0.6212	252.47
0.6208	252.84
0.6204	253.09
0.62	253.35
0.6196	253.45
0.6192	253.45
0.6188	253.5
0.6184	253.67
0.618	253.85
0.6176	254.08
0.6172	254.14
0.6168	254.29
0.6164	254.36
0.616	254.36
0.6156	254.36
0.6152	254.56
0.6148	254.6
0.6144	254.8
0.614	254.95
0.6136	255.1
0.6132	255.14
0.6128	255.24
0.6124	255.32
0.612	255.35
0.6116	255.62
0.6112	255.77
0.6108	256.05
0.6104	256.11
0.61	256.14
0.6096	256.29
0.6092	256.56
0.6088	256.92
0.6084	257.07
0.608	257.21
0.6076	257.21
0.6072	257.28
0.6068	257.33
0.6064	257.7
0.606	257.86
0.6056	258.0
0.6052	258.21
0.6048	258.34
0.6044	258.5
0.604	258.72
0.6036	258.77
0.6032	258.77
0.6028	259.04
0.6024	259.14
0.602	259.41
0.6016	259.47
0.6012	259.6
0.6008	259.75
0.6004	259.91
0.6	260.0
0.5996	260.0
0.5992	260.13
0.5988	260.33
0.5984	260.47
0.598	260.56
0.5976	260.71
0.5972	260.92
0.5968	261.14
0.5964	261.24
0.596	261.56
0.5956	261.6
0.5952	261.75
0.5948	261.85
0.5944	262.01
0.594	262.11
0.5936	262.14
0.5932	262.18
0.5928	262.24
0.5924	262.38
0.592	262.71
0.5916	262.78
0.5912	262.91
0.5908	262.95
0.5904	263.04
0.59	263.14
0.5896	263.2
0.5892	263.24
0.5888	263.24
0.5884	263.56
0.588	263.81
0.5876	263.98
0.5872	264.14
0.5868	264.23
0.5864	264.24
0.586	264.36
0.5856	264.81
0.5852	264.87
0.5848	265.0
0.5844	265.05
0.584	265.07
0.5836	265.11
0.5832	265.21
0.5828	265.21
0.5824	265.21
0.582	265.36
0.5816	265.57
0.5812	265.83
0.5808	265.85
0.5804	265.95
0.58	266.01
0.5796	266.31
0.5792	266.48
0.5788	266.54
0.5784	266.79
0.578	266.85
0.5776	266.98
0.5772	267.21
0.5768	267.21
0.5764	267.46
0.576	267.52
0.5756	267.64
0.5752	267.92
0.5748	267.97
0.5744	268.39
0.574	268.48
0.5736	268.49
0.5732	268.56
0.5728	268.58
0.5724	268.83
0.572	268.93
0.5716	269.13
0.5712	269.32
0.5708	269.8
0.5704	270.0
0.57	270.0
0.5696	270.02
0.5692	270.22
0.5688	270.35
0.5684	270.98
0.568	271.0
0.5676	271.14
0.5672	271.16
0.5668	271.41
0.5664	271.65
0.566	271.77
0.5656	271.96
0.5652	272.0
0.5648	272.0
0.5644	272.0
0.564	272.0
0.5636	272.0
0.5632	272.0
0.5628	272.0
0.5624	272.0
0.562	272.0
0.5616	272.09
0.5612	272.24
0.5608	272.34
0.5604	272.43
0.56	272.7
0.5596	272.79
0.5592	272.84
0.5588	272.95
0.5584	273.01
0.558	273.12
0.5576	273.5
0.5572	273.65
0.5568	273.89
0.5564	273.97
0.556	273.98
0.5556	274.1
0.5552	274.14
0.5548	274.23
0.5544	274.51
0.554	274.79
0.5536	274.97
0.5532	275.11
0.5528	275.11
0.5524	275.26
0.552	275.44
0.5516	275.5
0.5512	275.5
0.5508	275.5
0.5504	275.58
0.55	275.61
0.5496	275.9
0.5492	276.0
0.5488	276.23
0.5484	276.4
0.548	276.69
0.5476	276.76
0.5472	276.94
0.5468	277.0
0.5464	277.0
0.546	277.0
0.5456	277.06
0.5452	277.09
0.5448	277.11
0.5444	277.11
0.544	277.18
0.5436	277.24
0.5432	277.47
0.5428	277.69
0.5424	277.96
0.542	278.07
0.5416	278.14
0.5412	278.14
0.5408	278.29
0.5404	278.37
0.54	278.55
0.5396	278.55
0.5392	278.71
0.5388	278.72
0.5384	278.83
0.538	279.01
0.5376	279.09
0.5372	279.2
0.5368	279.24
0.5364	279.38
0.536	279.56
0.5356	279.82
0.5352	279.94
0.5348	280.09
0.5344	280.34
0.534	280.34
0.5336	280.6
0.5332	280.67
0.5328	280.69
0.5324	280.77
0.532	280.84
0.5316	280.96
0.5312	281.26
0.5308	281.53
0.5304	281.86
0.53	282.08
0.5296	282.27
0.5292	282.34
0.5288	282.67
0.5284	282.85
0.528	282.92
0.5276	283.05
0.5272	283.21
0.5268	283.24
0.5264	283.3
0.526	283.56
0.5256	283.61
0.5252	283.74
0.5248	283.89
0.5244	283.89
0.524	284.02
0.5236	284.16
0.5232	284.37
0.5228	284.48
0.5224	284.57
0.522	284.77
0.5216	284.94
0.5212	285.26
0.5208	285.38
0.5204	285.48
0.52	285.48
0.5196	285.49
0.5192	285.62
0.5188	285.83
0.5184	285.93
0.518	286.14
0.5176	286.21
0.5172	286.48
0.5168	286.81
0.5164	286.98
0.516	287.08
0.5156	287.26
0.5152	287.49
0.5148	287.51
0.5144	287.59
0.514	287.95
0.5136	287.98
0.5132	288.03
0.5128	288.24
0.5124	288.56
0.512	288.72
0.5116	289.0
0.5112	289.0
0.5108	289.0
0.5104	289.0
0.51	289.26
0.5096	289.45
0.5092	289.59
0.5088	289.78
0.5084	289.99
0.508	290.07
0.5076	290.14
0.5072	290.21
0.5068	290.39
0.5064	290.46
0.506	290.53
0.5056	290.87
0.5052	291.0
0.5048	291.1
0.5044	291.46
0.504	291.85
0.5036	292.05
0.5032	292.15
0.5028	292.48
0.5024	292.53
0.502	292.66
0.5016	293.0
0.5012	293.08
0.5008	293.36
0.5004	293.36
0.5	293.49
0.4996	293.58
0.4992	293.72
0.4988	293.95
0.4984	294.0
0.498	294.11
0.4976	294.12
0.4972	294.23
0.4968	294.24
0.4964	294.33
0.496	294.42
0.4956	294.49
0.4952	294.51
0.4948	294.68
0.4944	294.72
0.494	294.85
0.4936	295.11
0.4932	295.14
0.4928	295.14
0.4924	295.19
0.492	295.27
0.4916	295.36
0.4912	295.44
0.4908	295.77
0.4904	296.15
0.49	296.21
0.4896	296.36
0.4892	296.64
0.4888	296.84
0.4884	296.97
0.488	297.24
0.4876	297.58
0.4872	297.7
0.4868	297.82
0.4864	297.94
0.486	298.05
0.4856	298.15
0.4852	298.25
0.4848	298.54
0.4844	298.6
0.484	298.64
0.4836	298.85
0.4832	298.92
0.4828	299.0
0.4824	299.19
0.482	299.37
0.4816	299.49
0.4812	299.68
0.4808	299.93
0.4804	300.09
0.48	300.15
0.4796	300.33
0.4792	300.56
0.4788	300.57
0.4784	300.85
0.478	300.95
0.4776	301.15
0.4772	301.29
0.4768	301.49
0.4764	301.95
0.476	301.99
0.4756	302.09
0.4752	302.14
0.4748	302.2
0.4744	302.27
0.474	302.57
0.4736	302.88
0.4732	302.98
0.4728	303.06
0.4724	303.13
0.472	303.14
0.4716	303.14
0.4712	303.14
0.4708	303.14
0.4704	303.14
0.47	303.26
0.4696	303.48
0.4692	303.61
0.4688	303.81
0.4684	303.92
0.468	304.14
0.4676	304.15
0.4672	304.24
0.4668	304.32
0.4664	304.47
0.466	304.48
0.4656	304.54
0.4652	304.85
0.4648	305.08
0.4644	305.14
0.464	305.14
0.4636	305.14
0.4632	305.16
0.4628	305.49
0.4624	305.77
0.462	305.85
0.4616	305.85
0.4612	306.13
0.4608	306.21
0.4604	306.21
0.46	306.24
0.4596	306.49
0.4592	306.61
0.4588	306.76
0.4584	306.85
0.458	306.95
0.4576	307.14
0.4572	307.36
0.4568	307.51
0.4564	307.56
0.456	307.6
0.4556	307.83
0.4552	307.92
0.4548	308.01
0.4544	308.13
0.454	308.21
0.4536	308.24
0.4532	308.27
0.4528	308.36
0.4524	308.48
0.452	308.62
0.4516	308.63
0.4512	308.72
0.4508	308.83
0.4504	309.0
0.45	309.11
0.4496	309.24
0.4492	309.57
0.4488	309.8
0.4484	309.94
0.448	310.21
0.4476	310.32
0.4472	310.67
0.4468	310.92
0.4464	311.0
0.446	311.0
0.4456	311.0
0.4452	311.0
0.4448	311.2
0.4444	311.43
0.444	311.43
0.4436	311.65
0.4432	311.81
0.4428	312.14
0.4424	312.19
0.442	312.59
0.4416	312.71
0.4412	312.72
0.4408	312.92
0.4404	312.97
0.44	313.35
0.4396	313.51
0.4392	313.6
0.4388	313.95
0.4384	314.0
0.438	314.11
0.4376	314.24
0.4372	314.24
0.4368	314.61
0.4364	314.71
0.436	314.81
0.4356	314.98
0.4352	315.11
0.4348	315.11
0.4344	315.24
0.434	315.48
0.4336	315.73
0.4332	315.95
0.4328	316.11
0.4324	316.16
0.432	316.24
0.4316	316.24
0.4312	316.3
0.4308	316.47
0.4304	316.55
0.43	316.92
0.4296	316.98
0.4292	317.14
0.4288	317.21
0.4284	317.28
0.428	317.66
0.4276	317.73
0.4272	318.03
0.4268	318.21
0.4264	318.21
0.426	318.21
0.4256	318.29
0.4252	318.62
0.4248	318.62
0.4244	318.71
0.424	318.95
0.4236	319.14
0.4232	319.23
0.4228	319.5
0.4224	319.7
0.422	319.84
0.4216	319.85
0.4212	319.98
0.4208	320.0
0.4204	320.19
0.42	320.28
0.4196	320.43
0.4192	320.64
0.4188	320.89
0.4184	320.92
0.418	321.14
0.4176	321.31
0.4172	321.44
0.4168	321.56
0.4164	321.75
0.416	322.0
0.4156	322.21
0.4152	322.56
0.4148	322.71
0.4144	322.76
0.414	322.87
0.4136	322.98
0.4132	323.14
0.4128	323.14
0.4124	323.14
0.412	323.22
0.4116	323.28
0.4112	323.4
0.4108	323.62
0.4104	323.8
0.41	324.02
0.4096	324.1
0.4092	324.2
0.4088	324.59
0.4084	324.81
0.408	324.9
0.4076	325.13
0.4072	325.53
0.4068	325.75
0.4064	325.85
0.406	326.0
0.4056	326.0
0.4052	326.0
0.4048	326.0
0.4044	326.05
0.404	326.22
0.4036	326.38
0.4032	326.47
0.4028	326.49
0.4024	326.51
0.402	326.69
0.4016	326.73
0.4012	326.86
0.4008	326.95
0.4004	327.14
0.4	327.48
0.3996	327.79
0.3992	328.05
0.3988	328.14
0.3984	328.14
0.398	328.21
0.3976	328.47
0.3972	328.62
0.3968	328.71
0.3964	328.83
0.396	329.09
0.3956	329.23
0.3952	329.42
0.3948	329.59
0.3944	329.69
0.394	329.77
0.3936	330.01
0.3932	330.14
0.3928	330.24
0.3924	330.44
0.392	330.49
0.3916	330.66
0.3912	330.76
0.3908	330.85
0.3904	331.0
0.39	331.14
0.3896	331.15
0.3892	331.21
0.3888	331.24
0.3884	331.26
0.388	331.43
0.3876	331.58
0.3872	331.84
0.3868	331.96
0.3864	332.04
0.386	332.31
0.3856	332.56
0.3852	332.62
0.3848	332.75
0.3844	332.79
0.384	333.09
0.3836	333.11
0.3832	333.11
0.3828	333.11
0.3824	333.21
0.382	333.21
0.3816	333.4
0.3812	333.79
0.3808	333.91
0.3804	334.0
0.38	334.1
0.3796	334.14
0.3792	334.14
0.3788	334.45
0.3784	334.67
0.378	335.13
0.3776	335.21
0.3772	335.36
0.3768	335.6
0.3764	335.83
0.376	335.94
0.3756	336.07
0.3752	336.16
0.3748	336.57
0.3744	336.89
0.374	337.24
0.3736	337.47
0.3732	337.47
0.3728	337.59
0.3724	337.79
0.372	337.85
0.3716	337.92
0.3712	338.15
0.3708	338.33
0.3704	338.49
0.37	338.49
0.3696	338.5
0.3692	338.56
0.3688	338.85
0.3684	338.95
0.368	338.97
0.3676	339.15
0.3672	339.32
0.3668	339.54
0.3664	339.72
0.366	339.98
0.3656	340.13
0.3652	340.23
0.3648	340.29
0.3644	340.51
0.364	340.61
0.3636	340.77
0.3632	340.85
0.3628	341.0
0.3624	341.07
0.362	341.19
0.3616	341.21
0.3612	341.25
0.3608	341.49
0.3604	341.8
0.36	341.97
0.3596	341.98
0.3592	342.16
0.3588	342.34
0.3584	342.34
0.358	342.71
0.3576	342.75
0.3572	343.0
0.3568	343.09
0.3564	343.26
0.356	343.6
0.3556	343.72
0.3552	343.82
0.3548	343.95
0.3544	344.1
0.354	344.14
0.3536	344.14
0.3532	344.49
0.3528	344.55
0.3524	344.76
0.352	345.02
0.3516	345.34
0.3512	345.74
0.3508	345.83
0.3504	346.0
0.35	346.14
0.3496	346.14
0.3492	346.26
0.3488	346.44
0.3484	346.69
0.348	346.84
0.3476	346.88
0.3472	347.11
0.3468	347.24
0.3464	347.37
0.346	347.55
0.3456	347.73
0.3452	347.91
0.3448	348.1
0.3444	348.14
0.344	348.14
0.3436	348.24
0.3432	348.54
0.3428	348.75
0.3424	348.85
0.342	349.03
0.3416	349.14
0.3412	349.2
0.3408	349.24
0.3404	349.34
0.34	349.48
0.3396	349.69
0.3392	349.85
0.3388	350.0
0.3384	350.11
0.338	350.21
0.3376	350.32
0.3372	350.55
0.3368	350.75
0.3364	350.86
0.336	350.99
0.3356	351.0
0.3352	351.0
0.3348	351.24
0.3344	351.34
0.334	351.44
0.3336	351.72
0.3332	351.89
0.3328	352.0
0.3324	352.17
0.332	352.42
0.3316	352.57
0.3312	352.64
0.3308	352.96
0.3304	353.0
0.33	353.04
0.3296	353.26
0.3292	353.47
0.3288	353.66
0.3284	353.72
0.328	353.75
0.3276	353.83
0.3272	353.99
0.3268	354.14
0.3264	354.24
0.326	354.38
0.3256	354.7
0.3252	354.78
0.3248	354.98
0.3244	355.11
0.324	355.24
0.3236	355.36
0.3232	355.37
0.3228	355.59
0.3224	355.71
0.322	355.86
0.3216	355.97
0.3212	356.13
0.3208	356.14
0.3204	356.14
0.32	356.14
0.3196	356.14
0.3192	356.14
0.3188	356.14
0.3184	356.2
0.318	356.21
0.3176	356.36
0.3172	356.48
0.3168	356.49
0.3164	356.66
0.316	356.91
0.3156	356.99
0.3152	357.2
0.3148	357.47
0.3144	357.57
0.314	357.84
0.3136	358.0
0.3132	358.14
0.3128	358.3
0.3124	358.5
0.312	358.64
0.3116	358.85
0.3112	358.98
0.3108	359.12
0.3104	359.27
0.31	359.29
0.3096	359.49
0.3092	359.55
0.3088	359.64
0.3084	359.84
0.308	360.01
0.3076	360.16
0.3072	360.58
0.3068	360.69
0.3064	361.01
0.306	361.14
0.3056	361.58
0.3052	361.73
0.3048	362.1
0.3044	362.3
0.304	362.52
0.3036	362.61
0.3032	362.76
0.3028	363.09
0.3024	363.16
0.302	363.69
0.3016	364.0
0.3012	364.07
0.3008	364.44
0.3004	364.63
0.3	364.84
0.2996	365.0
0.2992	365.0
0.2988	365.0
0.2984	365.0
0.298	365.0
0.2976	365.0
0.2972	365.0
0.2968	365.06
0.2964	365.67
0.296	365.72
0.2956	365.84
0.2952	365.88
0.2948	366.15
0.2944	366.4
0.294	366.48
0.2936	366.79
0.2932	366.84
0.2928	366.89
0.2924	367.0
0.292	367.13
0.2916	367.36
0.2912	367.52
0.2908	367.82
0.2904	367.96
0.29	368.12
0.2896	368.12
0.2892	368.51
0.2888	368.87
0.2884	368.98
0.288	369.14
0.2876	369.55
0.2872	369.69
0.2868	369.85
0.2864	370.0
0.286	370.05
0.2856	370.2
0.2852	370.35
0.2848	370.4
0.2844	370.49
0.284	370.58
0.2836	370.83
0.2832	371.0
0.2828	371.13
0.2824	371.14
0.282	371.14
0.2816	371.14
0.2812	371.14
0.2808	371.14
0.2804	371.35
0.28	371.63
0.2796	371.79
0.2792	372.03
0.2788	372.14
0.2784	372.56
0.278	372.71
0.2776	372.92
0.2772	373.09
0.2768	373.14
0.2764	373.19
0.276	373.37
0.2756	373.68
0.2752	373.77
0.2748	373.98
0.2744	374.06
0.274	374.14
0.2736	374.24
0.2732	374.38
0.2728	374.55
0.2724	374.94
0.272	375.08
0.2716	375.42
0.2712	375.53
0.2708	375.85
0.2704	376.0
0.27	376.0
0.2696	376.14
0.2692	376.14
0.2688	376.31
0.2684	376.6
0.268	376.72
0.2676	376.88
0.2672	377.04
0.2668	377.13
0.2664	377.56
0.266	377.72
0.2656	378.0
0.2652	378.21
0.2648	378.36
0.2644	378.56
0.264	378.71
0.2636	378.91
0.2632	379.0
0.2628	379.0
0.2624	379.08
0.262	379.14
0.2616	379.43
0.2612	379.53
0.2608	379.87
0.2604	379.98
0.26	380.25
0.2596	380.48
0.2592	380.71
0.2588	380.78
0.2584	380.98
0.258	381.24
0.2576	381.36
0.2572	381.58
0.2568	381.75
0.2564	381.85
0.256	381.92
0.2556	382.0
0.2552	382.15
0.2548	382.42
0.2544	382.63
0.254	382.96
0.2536	383.28
0.2532	383.42
0.2528	383.48
0.2524	383.72
0.252	384.15
0.2516	384.37
0.2512	384.52
0.2508	384.65
0.2504	384.74
0.25	385.0
0.2496	385.14
0.2492	385.35
0.2488	385.5
0.2484	385.59
0.248	385.72
0.2476	385.78
0.2472	386.2
0.2468	386.36
0.2464	386.36
0.246	386.36
0.2456	386.36
0.2452	386.62
0.2448	386.62
0.2444	386.82
0.244	387.06
0.2436	387.07
0.2432	387.27
0.2428	387.79
0.2424	388.0
0.242	388.14
0.2416	388.14
0.2412	388.33
0.2408	388.42
0.2404	388.72
0.24	389.05
0.2396	389.24
0.2392	389.33
0.2388	389.47
0.2384	389.56
0.238	389.84
0.2376	389.96
0.2372	390.16
0.2368	390.48
0.2364	390.71
0.236	391.0
0.2356	391.33
0.2352	391.53
0.2348	391.68
0.2344	391.85
0.234	392.0
0.2336	392.04
0.2332	392.24
0.2328	392.37
0.2324	392.55
0.232	392.85
0.2316	392.99
0.2312	393.22
0.2308	393.36
0.2304	393.53
0.23	393.72
0.2296	394.0
0.2292	394.09
0.2288	394.14
0.2284	394.37
0.228	394.68
0.2276	395.0
0.2272	395.12
0.2268	395.14
0.2264	395.26
0.226	395.71
0.2256	395.89
0.2252	395.98
0.2248	396.0
0.2244	396.0
0.224	396.11
0.2236	396.21
0.2232	396.5
0.2228	396.62
0.2224	396.75
0.222	397.0
0.2216	397.0
0.2212	397.14
0.2208	397.26
0.2204	397.47
0.22	397.74
0.2196	397.98
0.2192	398.24
0.2188	398.55
0.2184	398.69
0.218	398.85
0.2176	399.0
0.2172	399.31
0.2168	399.5
0.2164	399.59
0.216	399.92
0.2156	400.14
0.2152	400.49
0.2148	400.58
0.2144	400.91
0.214	401.12
0.2136	401.14
0.2132	401.29
0.2128	401.57
0.2124	401.86
0.212	402.1
0.2116	402.22
0.2112	402.41
0.2108	402.66
0.2104	402.77
0.21	403.24
0.2096	403.36
0.2092	403.59
0.2088	403.62
0.2084	403.75
0.208	403.85
0.2076	404.0
0.2072	404.0
0.2068	404.0
0.2064	404.0
0.206	404.0
0.2056	404.0
0.2052	404.0
0.2048	404.0
0.2044	404.0
0.204	404.14
0.2036	404.51
0.2032	404.7
0.2028	404.88
0.2024	405.21
0.202	405.21
0.2016	405.45
0.2012	405.68
0.2008	405.94
0.2004	406.0
0.2	406.03
0.1996	406.21
0.1992	406.49
0.1988	406.71
0.1984	406.81
0.198	406.84
0.1976	406.94
0.1972	407.29
0.1968	407.4
0.1964	407.79
0.196	408.03
0.1956	408.17
0.1952	408.44
0.1948	408.8
0.1944	409.12
0.194	409.4
0.1936	409.62
0.1932	410.11
0.1928	410.49
0.1924	410.76
0.192	411.0
0.1916	411.14
0.1912	411.2
0.1908	411.41
0.1904	411.65
0.19	411.98
0.1896	412.35
0.1892	412.48
0.1888	412.74
0.1884	412.98
0.188	413.14
0.1876	413.61
0.1872	413.74
0.1868	413.91
0.1864	414.23
0.186	414.42
0.1856	414.69
0.1852	414.88
0.1848	415.23
0.1844	415.82
0.184	416.02
0.1836	416.29
0.1832	416.52
0.1828	416.78
0.1824	416.98
0.182	417.14
0.1816	417.46
0.1812	417.89
0.1808	418.06
0.1804	418.14
0.18	418.36
0.1796	418.59
0.1792	418.8
0.1788	419.0
0.1784	419.0
0.178	419.14
0.1776	419.5
0.1772	419.68
0.1768	419.83
0.1764	420.21
0.176	420.47
0.1756	420.65
0.1752	420.8
0.1748	421.0
0.1744	421.21
0.174	421.83
0.1736	422.1
0.1732	422.32
0.1728	422.49
0.1724	422.77
0.172	422.89
0.1716	423.28
0.1712	423.58
0.1708	423.71
0.1704	423.99
0.17	424.0
0.1696	424.32
0.1692	424.43
0.1688	424.65
0.1684	424.98
0.168	425.65
0.1676	426.08
0.1672	426.44
0.1668	426.98
0.1664	427.27
0.166	427.47
0.1656	427.72
0.1652	428.19
0.1648	428.71
0.1644	429.0
0.164	429.13
0.1636	429.19
0.1632	429.52
0.1628	429.84
0.1624	430.14
0.162	430.21
0.1616	430.47
0.1612	430.76
0.1608	431.0
0.1604	431.35
0.16	431.85
0.1596	432.22
0.1592	432.44
0.1588	432.7
0.1584	432.88
0.158	433.04
0.1576	433.14
0.1572	433.23
0.1568	433.55
0.1564	433.9
0.156	434.14
0.1556	434.37
0.1552	434.49
0.1548	434.65
0.1544	434.89
0.154	435.0
0.1536	435.33
0.1532	435.48
0.1528	435.85
0.1524	435.94
0.152	436.0
0.1516	436.0
0.1512	436.19
0.1508	436.3
0.1504	436.55
0.15	436.77
0.1496	437.0
0.1492	437.06
0.1488	437.19
0.1484	437.55
0.148	437.83
0.1476	438.0
0.1472	438.24
0.1468	438.71
0.1464	439.02
0.146	439.26
0.1456	439.45
0.1452	439.65
0.1448	439.91
0.1444	440.06
0.144	440.23
0.1436	440.43
0.1432	440.71
0.1428	441.08
0.1424	441.57
0.142	441.61
0.1416	441.87
0.1412	442.13
0.1408	442.36
0.1404	442.65
0.14	442.97
0.1396	443.14
0.1392	443.86
0.1388	444.0
0.1384	444.0
0.138	444.0
0.1376	444.29
0.1372	444.61
0.1368	445.0
0.1364	445.16
0.136	445.49
0.1356	445.97
0.1352	446.6
0.1348	446.71
0.1344	446.71
0.134	446.8
0.1336	447.17
0.1332	447.73
0.1328	447.85
0.1324	448.02
0.132	448.22
0.1316	448.61
0.1312	448.81
0.1308	449.14
0.1304	449.14
0.13	449.56
0.1296	449.72
0.1292	450.0
0.1288	450.39
0.1284	450.72
0.128	451.14
0.1276	451.41
0.1272	451.48
0.1268	451.91
0.1264	451.98
0.126	452.19
0.1256	452.61
0.1252	452.98
0.1248	453.33
0.1244	453.74
0.124	454.0
0.1236	454.23
0.1232	454.73
0.1228	454.88
0.1224	454.99
0.122	455.31
0.1216	455.55
0.1212	455.7
0.1208	456.04
0.1204	456.91
0.12	457.0
0.1196	457.21
0.1192	457.54
0.1188	458.14
0.1184	458.46
0.118	458.85
0.1176	459.0
0.1172	459.3
0.1168	459.43
0.1164	459.71
0.116	460.27
0.1156	460.62
0.1152	460.91
0.1148	461.24
0.1144	461.42
0.114	461.71
0.1136	462.32
0.1132	463.26
0.1128	463.5
0.1124	464.32
0.112	464.73
0.1116	465.0
0.1112	465.24
0.1108	465.45
0.1104	465.91
0.11	466.43
0.1096	466.98
0.1092	467.36
0.1088	467.66
0.1084	467.84
0.108	468.26
0.1076	468.5
0.1072	468.88
0.1068	469.66
0.1064	469.93
0.106	470.0
0.1056	470.28
0.1052	470.48
0.1048	470.89
0.1044	471.21
0.104	471.67
0.1036	472.0
0.1032	472.27
0.1028	473.03
0.1024	473.71
0.102	474.04
0.1016	474.24
0.1012	474.33
0.1008	475.37
0.1004	475.67
0.1	476.09
0.0996	476.7
0.0992	477.0
0.0988	477.0
0.0984	477.0
0.098	477.02
0.0976	477.55
0.0972	477.84
0.0968	478.45
0.0964	478.84
0.096	479.55
0.0956	480.0
0.0952	480.49
0.0948	480.91
0.0944	481.0
0.094	481.31
0.0936	482.42
0.0932	482.78
0.0928	482.89
0.0924	483.16
0.092	483.45
0.0916	483.81
0.0912	484.14
0.0908	484.6
0.0904	484.95
0.09	485.49
0.0896	486.0
0.0892	486.42
0.0888	487.24
0.0884	487.98
0.088	489.04
0.0876	489.98
0.0872	490.38
0.0868	490.75
0.0864	491.0
0.086	491.12
0.0856	491.2
0.0852	491.42
0.0848	492.06
0.0844	492.75
0.084	492.91
0.0836	493.0
0.0832	493.32
0.0828	493.4
0.0824	493.77
0.082	494.23
0.0816	494.94
0.0812	495.59
0.0808	496.05
0.0804	497.0
0.08	497.14
0.0796	498.0
0.0792	498.23
0.0788	498.76
0.0784	499.33
0.078	499.84
0.0776	500.55
0.0772	501.04
0.0768	501.58
0.0764	501.77
0.076	502.92
0.0756	503.55
0.0752	503.93
0.0748	504.05
0.0744	504.85
0.074	505.4
0.0736	506.74
0.0732	507.14
0.0728	507.86
0.0724	508.01
0.072	508.26
0.0716	508.76
0.0712	509.8
0.0708	510.76
0.0704	510.93
0.07	511.27
0.0696	512.0
0.0692	512.34
0.0688	513.0
0.0684	513.48
0.068	513.8
0.0676	515.14
0.0672	516.0
0.0668	516.65
0.0664	517.35
0.066	518.0
0.0656	518.8
0.0652	519.14
0.0648	519.89
0.0644	520.14
0.064	521.52
0.0636	522.0
0.0632	522.4
0.0628	523.18
0.0624	523.5
0.062	524.88
0.0616	526.31
0.0612	527.24
0.0608	527.9
0.0604	528.27
0.06	528.77
0.0596	529.88
0.0592	530.28
0.0588	530.57
0.0584	530.81
0.058	531.95
0.0576	532.27
0.0572	532.83
0.0568	533.14
0.0564	533.5
0.056	534.2
0.0556	534.99
0.0552	535.61
0.0548	536.4
0.0544	537.29
0.054	537.65
0.0536	539.42
0.0532	540.39
0.0528	541.74
0.0524	542.54
0.052	543.45
0.0516	544.43
0.0512	545.0
0.0508	546.05
0.0504	547.1
0.05	547.77
0.0496	548.61
0.0492	549.75
0.0488	550.77
0.0484	551.45
0.048	551.67
0.0476	552.32
0.0472	553.57
0.0468	554.16
0.0464	555.12
0.046	557.13
0.0456	557.78
0.0452	557.96
0.0448	558.94
0.0444	559.23
0.044	561.45
0.0436	563.29
0.0432	564.07
0.0428	564.47
0.0424	566.24
0.042	566.53
0.0416	567.41
0.0412	568.73
0.0408	570.49
0.0404	570.84
0.04	572.39
0.0396	573.43
0.0392	574.25
0.0388	574.75
0.0384	575.91
0.038	577.96
0.0376	578.34
0.0372	579.11
0.0368	579.39
0.0364	580.54
0.036	581.85
0.0356	582.25
0.0352	583.88
0.0348	584.85
0.0344	586.36
0.034	587.3
0.0336	589.24
0.0332	590.78
0.0328	593.33
0.0324	594.92
0.032	595.98
0.0316	596.55
0.0312	598.2
0.0308	599.37
0.0304	601.58
0.03	602.87
0.0296	604.23
0.0292	606.74
0.0288	608.67
0.0284	610.45
0.028	612.43
0.0276	613.15
0.0272	615.61
0.0268	617.27
0.0264	620.37
0.026	622.63
0.0256	624.35
0.0252	628.15
0.0248	628.69
0.0244	631.32
0.024	632.97
0.0236	635.05
0.0232	639.1
0.0228	641.27
0.0224	643.18
0.022	645.25
0.0216	647.23
0.0212	648.82
0.0208	650.17
0.0204	654.05
0.02	656.15
0.0196	658.27
0.0192	659.96
0.0188	663.47
0.0184	665.8
0.018	669.04
0.0176	673.45
0.0172	675.49
0.0168	676.89
0.0164	679.19
0.016	683.93
0.0156	684.97
0.0152	687.63
0.0148	691.8
0.0144	693.9
0.014	698.91
0.0136	702.11
0.0132	703.67
0.0128	705.14
0.0124	709.55
0.012	711.7
0.0116	715.23
0.0112	719.42
0.0108	724.01
0.0104	731.26
0.01	735.7
0.00960000000004	739.16
0.00920000000004	743.0
0.00880000000004	746.43
0.00840000000004	752.32
0.00800000000004	761.51
0.00760000000004	763.06
0.00720000000004	766.81
0.00680000000004	772.55
0.00640000000004	777.87
0.00600000000004	784.77
0.00560000000004	790.22
0.00520000000004	794.11
0.00480000000004	797.51
0.00440000000004	804.04
0.00400000000004	810.16
0.00360000000004	821.16
0.00320000000004	825.92
0.00280000000004	835.16
0.00240000000004	839.85
0.00200000000004	848.06
0.00160000000004	865.29
0.00120000000004	876.53
0.000800000000045	892.28
0.000400000000045	902.91
4.48678637646e-14	936.83
-0.000399999999955	957.04
