name smp ex st se min max var cvar
0 2000 1341.030465 281.789175455 6.3009975164 190.0 2030.0 1770.67 1849.597
1 2000 1341.030465 281.789175455 6.3009975164 190.0 2030.0 1770.67 1849.597
2 2000 1317.27292 272.779763916 6.09954095003 146.19 2027.0 1729.52 1828.2229
3 2000 1341.030465 281.789175455 6.3009975164 190.0 2030.0 1770.67 1849.597
4 2000 1341.030465 281.789175455 6.3009975164 190.0 2030.0 1770.67 1849.597
5 2000 1340.961905 281.733314043 6.29974841727 190.0 2030.0 1770.67 1849.597
6 2000 1324.639375 280.470493995 6.27151090255 21.0 2030.0 1756.13 1841.0756
7 2000 1289.70203 271.872122711 6.07924547569 170.71 2105.91 1717.0 1789.7149
8 2000 1317.265735 279.277094171 6.24482567125 190.0 2030.0 1747.84 1829.6501
9 2000 1332.553155 297.307512739 6.64799808706 405.0 2057.0 1810.37 1875.5922
10 2000 1448.211075 267.55082021 5.98261821425 20.0 2062.0 1838.74 1916.5109
11 2000 1341.030465 281.789175455 6.3009975164 190.0 2030.0 1770.67 1849.597
12 2000 1341.030465 281.789175455 6.3009975164 190.0 2030.0 1770.67 1849.597
13 2000 1337.789725 282.967211779 6.32733920941 248.96 2034.11 1771.58 1845.0843
14 2000 1341.030465 281.789175455 6.3009975164 190.0 2030.0 1770.67 1849.597
15 2000 1333.432295 270.900012857 6.05750843853 478.66 2051.0 1761.0 1857.9753
16 2000 1284.20322 287.642570937 6.43188341839 84.03 2064.0 1745.33 1830.5782
17 2000 1294.947175 285.403715098 6.38182107989 427.6 2070.33 1749.02 1837.2676
18 2000 1280.74964 287.493280294 6.42854517811 60.0 2043.0 1730.75 1819.485
19 2000 1391.32032 264.626919284 5.91723780196 497.55 2080.0 1813.85 1884.029
20 2000 1331.16398 283.276460245 6.33425421534 32.67 2061.0 1769.87 1846.2448
21 2000 1340.97237 281.863504044 6.30265955418 190.0 2030.0 1770.67 1849.597
22 2000 1290.356645 314.390922422 7.02999474044 32.86 2102.0 1777.0 1860.5934
23 2000 1414.33616 277.692956029 6.20940326553 338.69 2077.0 1834.78 1903.9175
24 2000 1434.873495 266.607971162 5.96153546862 206.0 2083.0 1832.0 1905.1685
25 2000 1424.45951 269.277609452 6.02123039553 122.19 2112.0 1824.77 1892.7144
26 2000 1341.030465 281.789175455 6.3009975164 190.0 2030.0 1770.67 1849.597
27 2000 1416.558055 276.851915733 6.19059703279 280.4 2134.0 1840.13 1918.5564
28 2000 1341.030465 281.789175455 6.3009975164 190.0 2030.0 1770.67 1849.597
29 2000 1449.623 239.5737613 5.35703215893 355.5 2010.41 1823.84 1874.3214
30 2000 1319.437605 261.837469295 5.854863804 122.89 1999.84 1743.0 1818.3623
31 2000 1406.8976 277.948962754 6.21512774993 558.87 2109.0 1835.86 1911.8916
32 2000 1336.920555 271.425355003 6.06925544603 484.34 2041.37 1763.12 1850.3917
33 2000 1340.9973 281.814957332 6.3015740167 190.0 2030.0 1770.67 1849.597
34 2000 1341.030465 281.789175455 6.3009975164 190.0 2030.0 1770.67 1849.597
35 2000 1314.600765 285.285382429 6.37917508098 227.58 2033.33 1798.28 1873.6339
36 2000 1384.59993 267.855737361 5.98943636903 245.43 2178.0 1778.0 1867.2461
37 2000 1355.93972 259.595090405 5.80472268771 571.99 2114.58 1770.48 1859.9849
38 2000 1289.87199 300.191743873 6.71249145584 174.1 2093.65 1769.04 1855.9126
39 2000 1340.81677 281.621136938 6.29724006094 190.0 2030.0 1769.85 1849.5972
40 2000 1290.451985 305.043570586 6.8209815993 325.07 2020.84 1776.63 1851.482
41 2000 1374.739275 244.715853218 5.47201282967 531.04 2081.0 1758.95 1828.2261
42 2000 1362.677475 281.617111082 6.29715004006 332.78 2122.85 1814.03 1891.8256
43 2000 1332.921805 293.989118879 6.57379654458 0.0 2038.41 1786.14 1861.7474
44 2000 1471.60699 250.84365682 5.60903468375 65.61 2057.0 1865.11 1909.5838
45 2000 1355.944525 264.778120624 5.9206187667 204.04 2078.7 1759.39 1839.1816
46 2000 1296.97446 290.250668109 6.49020224407 109.48 2173.0 1754.1 1845.3459
47 2000 1294.735285 281.693135332 6.29884999398 84.03 2127.37 1745.08 1832.7157
48 2000 1344.64281 250.841851514 5.60899431587 458.53 2014.51 1749.0 1831.6076
49 2000 1243.719525 297.635465943 6.65533134364 142.48 2023.0 1736.95 1829.7912
50 2000 1301.251195 287.117105779 6.42013366025 429.63 2030.71 1764.69 1836.9486
51 2000 1327.34867 283.765104685 6.34518063717 0.0 2155.0 1778.34 1864.8548
52 2000 1318.982855 272.058749696 6.08341858194 259.0 2096.0 1734.0 1825.441
53 2000 1284.52003 242.985849863 5.43332877865 480.01 1997.36 1665.28 1759.2895
54 2000 1338.234465 282.219223088 6.31061367382 332.56 2136.0 1778.0 1871.6429
55 1500 1388.6863 269.28080063 6.9528003753 130.36 2071.68 1809.54 1889.3872
56 1500 1423.38704 268.951711814 6.9443033386 368.04 2118.0 1857.0 1940.10293333
57 1500 1359.59002 272.149694286 7.02687489097 464.11 2091.0 1792.0 1877.41386667
58 1500 1375.32754667 272.578315285 7.03794183757 504.39 2135.0 1786.0 1864.85066667
59 1500 1295.21340667 260.516397405 6.7265044571 0.0 1992.0 1725.94 1808.78866667
60 1500 1335.63747333 273.639109331 7.06533142206 445.21 2046.0 1759.0 1837.87066667
61 1500 1407.51126 276.160976319 7.13044574772 537.06 2105.0 1826.0 1906.62706667
62 1500 1375.31613333 282.62865333 7.29744045005 141.67 2129.0 1813.02 1898.37773333
63 1500 1472.81935333 283.508518189 7.32015846302 413.32 2128.0 1929.0 1990.63786667
64 1500 1275.39683333 304.8414378 7.87097207889 107.0 2048.0 1768.26 1849.5428
65 1500 1358.8577 272.884636304 7.04585101226 151.5 2143.0 1787.07 1887.91106667
66 1500 1472.13565333 248.845641741 6.4251668416 251.28 1996.28 1838.33 1900.56813333
67 1500 1218.82216 278.24790313 7.18432996627 388.11 2082.0 1664.11 1768.6068
68 1500 1329.24932667 274.606595488 7.09031180723 445.21 2046.0 1760.0 1840.2428
69 1500 1336.67804 273.864049552 7.0711393536 445.21 2046.0 1760.0 1837.86
70 1500 1335.97886 274.621838057 7.09070536866 445.21 2046.0 1761.9 1838.75466667
71 1500 1278.25259333 261.399860963 6.74931538806 347.0 1971.25 1703.75 1790.30733333
72 1500 1284.25254 272.023034466 7.02360454847 474.21 2117.74 1719.0 1818.31906667
73 1500 1261.11174667 270.603236711 6.98694552807 315.0 2093.0 1697.75 1788.35013333
74 1500 1394.80848667 265.033147825 6.84312645146 97.4 2153.0 1796.73 1893.78013333
75 1500 1351.06604667 265.873892609 6.86483438844 314.47 2075.0 1781.41 1866.92026667
76 1500 1333.73362667 277.956592054 7.17680834662 335.87 2022.0 1755.11 1840.23146667
77 1500 1245.33836 289.911938757 7.48549407115 0.0 2004.0 1714.48 1797.68093333
78 1500 1332.70082667 263.538399364 6.80453221215 473.48 2139.0 1771.0 1850.11186667
79 1500 1326.19786667 276.342702562 7.13513789911 394.26 2098.0 1752.11 1846.44
80 1500 1318.3647 275.752721477 7.11990465301 172.02 2173.0 1725.66 1823.06786667
81 1500 1342.57653333 269.416722585 6.95630986509 286.47 2018.0 1777.05 1852.3168
82 1500 1332.37241333 274.240911682 7.08086989194 336.6 2046.0 1767.0 1833.19173333
83 1500 1392.36648 261.760524284 6.75862767498 323.06 2161.0 1793.0 1879.1248
84 1500 1304.99142 274.281119663 7.08190805756 203.0 2113.0 1724.58 1809.70866667
85 1500 1360.53777333 265.43934808 6.85361449694 280.36 2055.0 1768.89 1859.05373333
86 1500 1345.79012667 271.440417919 7.00856145392 69.59 2026.0 1756.63 1826.9596
87 1500 1363.66414667 282.615573433 7.29710272858 396.17 2022.0 1784.0 1851.94786667
88 1500 1298.47995333 278.023900692 7.17854624819 492.78 2074.0 1742.96 1828.856
89 1500 1299.45402667 277.498203143 7.16497279584 0.0 2005.0 1714.0 1796.43586667
90 1500 1388.10616 286.190772864 7.38941398093 254.58 2146.0 1824.77 1897.42133333
91 1500 1314.45428 281.616456695 7.27130564531 187.0 2049.0 1773.59 1858.84453333
92 1500 1328.37821333 274.051108388 7.07596919199 445.21 2046.0 1751.94 1827.7216
93 1500 1330.33402667 275.23415719 7.10651538071 446.29 2022.22 1751.94 1828.7156
94 1500 1389.74320667 259.590697266 6.70260298228 487.35 2105.0 1792.85 1858.22106667
95 1500 1353.57183333 259.459416265 6.69921332141 182.92 2026.48 1749.0 1817.94213333
96 1500 1340.37100667 272.439962134 7.03436957457 484.88 2107.0 1772.85 1860.72
97 1500 1319.94227333 279.108632266 7.20655389699 104.18 2061.0 1759.5 1833.9072
98 1500 1334.95680667 253.999169755 6.55823036273 430.95 2120.0 1757.42 1835.75053333
99 1500 1345.00974 276.940609032 7.1505757778 0.0 2033.0 1766.38 1843.18346667
100 1500 1419.42534667 271.425332373 7.0081719468 467.81 2158.0 1830.0 1909.20226667
101 1500 1455.64605333 271.644223261 7.01382368523 570.0 2151.0 1890.76 1976.84933333
102 1500 1360.58665333 270.463893874 6.9833477115 170.0 2071.0 1768.33 1847.2988
103 1500 1441.74833333 257.136155333 6.63922698207 690.1 2141.0 1855.0 1929.47893333
104 1500 1298.47096667 278.156403604 7.18196745867 152.85 2042.0 1746.77 1822.24746667
105 1500 1437.07797333 252.729954078 6.52545935487 656.0 2142.0 1832.87 1918.50653333
106 1500 1389.3335 259.791589465 6.70778999656 533.33 2078.0 1813.84 1884.39053333
107 1500 1359.51847333 278.18300657 7.18265434429 317.0 2078.0 1793.95 1873.09946667
108 1500 1397.03934667 257.327996008 6.644180287 298.37 2099.11 1798.92 1884.72933333
109 1500 1246.66177333 283.73330456 7.32596242216 332.24 2001.48 1723.68 1801.6708
110 1500 1365.67282667 272.136213638 7.02652682213 545.61 2077.27 1799.48 1882.51493333
111 1500 1336.67804 273.864049552 7.0711393536 445.21 2046.0 1760.0 1837.86
112 1500 1471.00598 259.639871786 6.70387266293 559.72 2149.0 1883.0 1953.28186667
113 1500 1508.21507333 239.037763729 6.17192852023 453.12 2144.0 1881.0 1947.9944
114 1500 1417.14842 267.12235213 6.89706947465 278.0 2147.33 1818.77 1898.50053333
115 1500 1247.92826 282.702785047 7.29935452275 273.61 2008.11 1732.9 1809.76546667
116 1500 1448.10763333 267.067418084 6.8956510837 109.5 2190.0 1857.12 1940.1108
117 1500 1420.95834 272.56097048 7.03749399664 119.64 2084.56 1842.64 1925.00106667
118 1500 1269.30426667 263.63930008 6.80713745743 171.92 2006.0 1683.6 1768.13293333
119 1500 1393.44596667 261.080651037 6.74107342323 106.0 2112.25 1790.11 1864.244
120 1500 1378.00302667 286.343597136 7.39335988666 90.75 2133.0 1827.0 1910.83533333
121 1500 1379.48144667 272.503153955 7.03600118037 485.33 2066.0 1824.68 1895.50986667
122 1500 1230.36313333 270.34504205 6.98027897059 484.08 2026.0 1673.24 1766.68786667
123 1500 1360.03991333 270.644301027 6.98800580415 420.03 2066.0 1799.0 1873.58346667
124 1500 1421.20693333 259.23130277 6.6933234563 511.67 2112.0 1808.0 1858.43333333
125 1500 1315.01607333 278.356301121 7.18712879035 426.57 1976.0 1747.95 1821.0264
126 1500 1310.01846667 282.870669996 7.3036892935 422.95 2046.0 1759.36 1836.22053333
127 1500 1403.56389333 283.095909141 7.30950494321 107.45 2136.11 1853.79 1931.9792
128 1500 1356.26638667 280.119786608 7.23266178985 321.43 2050.0 1807.75 1876.1364
129 1500 1389.19643333 269.138029873 6.9491140502 107.71 2089.0 1805.48 1878.13026667
130 1500 1408.21856 270.588845893 6.98657395876 319.68 2131.0 1830.25 1917.1384
131 1500 1406.12387333 262.415788995 6.77554653706 38.76 2183.0 1811.07 1915.9692
132 1500 1488.95038667 266.091114905 6.870443044 565.38 2140.0 1902.0 1978.14506667
133 1500 1339.12214667 277.512984936 7.16535446009 390.28 2058.38 1763.54 1851.38173333
134 1500 1391.26048 255.868807289 6.6065041963 486.0 2065.0 1802.0 1885.49946667
135 1500 1331.79882 270.413992306 6.98205925856 298.71 2065.0 1756.17 1829.97746667
136 1500 1287.44457333 254.387670755 6.56826141543 485.11 1982.0 1705.0 1787.1984
137 1500 1339.48604 276.29227017 7.13383574037 486.0 2081.37 1767.49 1831.6608
138 1500 1381.68171333 281.788114582 7.27573783289 321.58 2114.0 1836.0 1920.49013333
139 1500 1338.45304667 256.042913317 6.61099959461 583.47 2018.11 1747.79 1823.00346667
140 1500 1406.54905333 277.706872808 7.17036062343 301.71 2098.0 1819.06 1868.7184
141 1500 1288.57258667 257.369942681 6.64526334546 151.5 1940.85 1699.41 1780.99533333
142 1500 1266.82164 264.70677419 6.83469952044 294.41 2014.0 1704.33 1802.51453333
143 1500 1369.18839333 282.146186734 7.28498321612 41.28 2078.38 1828.89 1900.29546667
144 1500 1370.14334 275.029258005 7.10122490649 237.36 2030.0 1784.43 1854.55466667
145 1500 1358.31491333 268.546063196 6.93382953633 263.85 2050.0 1770.06 1860.86426667
146 1500 1366.33556 259.164285486 6.69159307747 365.25 2040.0 1786.0 1868.80986667
147 1500 1341.35074 266.416681404 6.87884913487 175.08 2028.41 1757.71 1840.04413333
148 1500 1329.69525333 284.341471221 7.34166521783 457.56 2109.41 1784.69 1867.5204
149 1500 1369.1116 279.531848896 7.21748130339 59.76 2079.25 1795.0 1867.2372
150 1500 1336.67804 273.864049552 7.0711393536 445.21 2046.0 1760.0 1837.86
151 1500 1396.24044 269.598119131 6.96099350376 237.0 2122.0 1813.37 1893.9708
152 1500 1457.53428 261.508699832 6.75212559559 319.56 2113.0 1839.26 1924.87786667
153 1500 1396.84748667 245.111539827 6.32875274474 461.91 2034.0 1775.85 1856.54586667
154 1500 1358.08578 266.295720258 6.8757259315 48.04 1985.21 1774.0 1833.67666667
155 1500 1348.63338 259.590793965 6.70260547904 427.7 2128.41 1771.33 1849.87346667
156 1500 1443.6355 265.820506904 6.86345597545 92.99 2163.0 1857.36 1939.25906667
157 1500 1378.43802 268.746260127 6.93899859886 525.51 2121.0 1816.38 1899.8916
158 1500 1485.68257333 252.38966516 6.5166731328 414.77 2135.0 1860.85 1933.15693333
159 1500 1360.02822 270.363261587 6.98074939703 127.0 2120.33 1784.03 1863.73653333
160 1500 1336.67804 273.864049552 7.0711393536 445.21 2046.0 1760.0 1837.86
161 1500 1367.75427333 271.340737572 7.00598771844 448.5 2111.0 1801.69 1889.95946667
162 1500 1329.14741333 279.354741173 7.21290840165 148.05 2117.85 1769.37 1860.5768
163 1500 1372.82054667 266.143865286 6.87180505298 498.29 2120.0 1807.01 1880.03373333
164 1500 1319.14416667 259.646672396 6.70404825393 476.22 2064.58 1736.76 1813.90426667
165 1500 1343.64963333 272.699901778 7.04108118733 313.48 2048.0 1779.0 1846.10533333
166 1500 1326.36453333 256.978974214 6.63516858304 431.33 2097.33 1734.22 1831.84693333
167 1500 1384.72068 278.855129198 7.20000847593 597.39 2134.0 1845.63 1927.34613333
168 1500 1373.32071333 267.043895539 6.8950437342 504.76 2044.0 1782.0 1845.24773333
169 1500 1355.33252 288.857810524 7.45827659721 376.09 2111.69 1816.77 1894.74373333
170 1500 1344.55339333 283.913396765 7.3306123829 94.0 2064.0 1780.42 1855.1644
171 1500 1323.32618667 289.52349888 7.47546459667 473.82 2077.77 1781.6 1860.61853333
172 1500 1339.24552 273.338866599 7.05757918806 445.21 2046.0 1753.9 1834.17586667
173 1500 1365.27746 281.644001657 7.27201685318 0.0 2057.0 1795.37 1879.32693333
174 1500 1336.77537333 273.959379297 7.07360075703 445.21 2046.0 1760.0 1837.86
175 1500 1334.27137333 273.399014554 7.05913220158 464.71 2013.0 1771.29 1834.45706667
176 1500 1341.83020667 276.231359165 7.13226302498 79.67 1996.77 1764.61 1841.55693333
177 1500 1409.30784 265.559526212 6.85671748297 247.0 2151.0 1817.0 1886.34066667
178 1500 1417.78185333 263.661466717 6.80770979754 71.32 2140.0 1825.85 1892.90373333
179 1500 1336.25232 273.309314597 7.05681615866 445.21 2046.0 1757.51 1836.02493333
180 1500 1423.57816 266.380323337 6.8779103736 431.34 2145.0 1837.75 1925.1624
181 1500 1329.04006667 265.828267029 6.86365634104 185.13 2095.0 1739.0 1836.49186667
182 1500 1298.55921333 275.806483951 7.12129279411 320.66 2060.0 1739.0 1814.1912
183 1500 1358.66662 275.861645272 7.12271705331 496.57 2126.0 1781.0 1863.53573333
184 1500 1333.98153333 274.511342102 7.08785237537 445.21 2046.0 1759.0 1839.65866667
185 1500 1356.72346667 268.820370737 6.94091212658 355.0 2108.84 1781.39 1886.82253333