prob	ls
0.9996	21.0
0.9992	23.71
0.9988	33.47
0.9984	43.0
0.998	43.0
0.9976	43.0
0.9972	43.0
0.9968	43.0
0.9964	55.4
0.996	59.07
0.9956	59.31
0.9952	64.49
0.9948	69.81
0.9944	72.38
0.994	78.47
0.9936	82.99
0.9932	85.0
0.9928	85.0
0.9924	85.0
0.992	85.78
0.9916	87.53
0.9912	87.71
0.9908	89.36
0.9904	89.36
0.99	90.12
0.9896	91.81
0.9892	92.07
0.9888	93.12
0.9884	94.19
0.988	96.15
0.9876	97.11
0.9872	99.43
0.9868	100.48
0.9864	101.78
0.986	102.59
0.9856	102.92
0.9852	103.36
0.9848	105.0
0.9844	105.95
0.984	106.64
0.9836	107.0
0.9832	107.0
0.9828	107.0
0.9824	107.0
0.982	107.0
0.9816	107.0
0.9812	107.0
0.9808	107.11
0.9804	107.72
0.98	108.97
0.9796	109.71
0.9792	109.71
0.9788	109.71
0.9784	109.71
0.978	109.71
0.9776	109.71
0.9772	109.71
0.9768	109.71
0.9764	109.71
0.976	109.85
0.9756	109.95
0.9752	110.28
0.9748	111.89
0.9744	112.63
0.974	113.38
0.9736	114.15
0.9732	115.29
0.9728	115.58
0.9724	115.58
0.972	115.74
0.9716	116.24
0.9712	117.67
0.9708	118.4
0.9704	119.62
0.97	120.12
0.9696	120.25
0.9692	120.59
0.9688	121.19
0.9684	121.85
0.968	121.99
0.9676	122.58
0.9672	123.57
0.9668	124.0
0.9664	124.29
0.966	124.94
0.9656	125.19
0.9652	126.0
0.9648	126.0
0.9644	126.0
0.964	126.0
0.9636	126.93
0.9632	127.0
0.9628	127.54
0.9624	127.65
0.962	127.65
0.9616	128.0
0.9612	128.37
0.9608	128.48
0.9604	128.96
0.96	129.09
0.9596	129.39
0.9592	129.71
0.9588	129.89
0.9584	130.36
0.958	130.36
0.9576	130.36
0.9572	130.36
0.9568	130.53
0.9564	131.05
0.956	131.5
0.9556	131.75
0.9552	132.05
0.9548	132.43
0.9544	132.71
0.954	133.4
0.9536	133.98
0.9532	134.04
0.9528	134.75
0.9524	134.99
0.952	135.17
0.9516	135.58
0.9512	135.67
0.9508	135.95
0.9504	137.16
0.95	137.88
0.9496	138.35
0.9492	138.66
0.9488	139.24
0.9484	139.48
0.948	140.16
0.9476	140.47
0.9472	140.79
0.9468	141.49
0.9464	141.82
0.946	142.0
0.9456	142.36
0.9452	142.62
0.9448	142.88
0.9444	143.43
0.944	144.01
0.9436	144.65
0.9432	144.91
0.9428	145.56
0.9424	145.84
0.942	146.0
0.9416	146.35
0.9412	147.17
0.9408	147.44
0.9404	147.77
0.94	148.0
0.9396	148.27
0.9392	148.46
0.9388	148.71
0.9384	149.09
0.938	149.55
0.9376	150.26
0.9372	150.55
0.9368	150.63
0.9364	150.71
0.936	150.87
0.9356	150.97
0.9352	151.26
0.9348	151.47
0.9344	151.68
0.934	151.99
0.9336	152.28
0.9332	152.56
0.9328	153.34
0.9324	153.69
0.932	154.23
0.9316	154.59
0.9312	154.8
0.9308	155.17
0.9304	155.5
0.93	155.98
0.9296	156.0
0.9292	156.23
0.9288	156.99
0.9284	157.67
0.928	157.99
0.9276	158.9
0.9272	159.19
0.9268	160.42
0.9264	160.65
0.926	160.8
0.9256	161.38
0.9252	161.78
0.9248	162.34
0.9244	162.89
0.924	163.22
0.9236	163.8
0.9232	164.65
0.9228	164.96
0.9224	165.0
0.922	165.28
0.9216	166.0
0.9212	166.57
0.9208	167.15
0.9204	167.36
0.92	167.94
0.9196	168.72
0.9192	169.2
0.9188	169.53
0.9184	169.91
0.918	170.11
0.9176	170.49
0.9172	170.88
0.9168	171.22
0.9164	171.54
0.916	171.82
0.9156	172.02
0.9152	172.2
0.9148	172.74
0.9144	172.97
0.914	173.06
0.9136	173.66
0.9132	174.2
0.9128	174.41
0.9124	174.53
0.912	174.83
0.9116	175.29
0.9112	175.55
0.9108	175.91
0.9104	176.41
0.91	176.59
0.9096	176.99
0.9092	177.29
0.9088	177.66
0.9084	177.92
0.908	178.24
0.9076	178.48
0.9072	178.77
0.9068	179.52
0.9064	179.96
0.906	180.83
0.9056	181.31
0.9052	181.65
0.9048	181.74
0.9044	181.76
0.904	181.98
0.9036	182.27
0.9032	182.44
0.9028	182.73
0.9024	182.92
0.902	183.4
0.9016	183.44
0.9012	183.86
0.9008	184.18
0.9004	184.59
0.9	184.76
0.8996	185.0
0.8992	185.0
0.8988	185.0
0.8984	185.0
0.898	185.0
0.8976	185.0
0.8972	185.0
0.8968	185.34
0.8964	185.76
0.896	186.06
0.8956	186.28
0.8952	186.66
0.8948	187.05
0.8944	187.33
0.894	187.47
0.8936	187.88
0.8932	188.14
0.8928	188.49
0.8924	189.05
0.892	189.68
0.8916	189.89
0.8912	190.25
0.8908	190.58
0.8904	190.58
0.89	190.88
0.8896	190.95
0.8892	191.15
0.8888	191.47
0.8884	191.69
0.888	191.97
0.8876	192.11
0.8872	192.57
0.8868	192.84
0.8864	193.05
0.886	193.85
0.8856	194.02
0.8852	194.69
0.8848	194.82
0.8844	195.0
0.884	195.23
0.8836	195.95
0.8832	196.25
0.8828	196.69
0.8824	196.92
0.882	197.15
0.8816	197.55
0.8812	197.71
0.8808	198.02
0.8804	198.31
0.88	198.64
0.8796	199.06
0.8792	199.34
0.8788	199.75
0.8784	200.21
0.878	200.41
0.8776	200.48
0.8772	200.58
0.8768	201.07
0.8764	201.17
0.876	201.34
0.8756	201.44
0.8752	201.65
0.8748	201.81
0.8744	202.21
0.874	202.39
0.8736	202.9
0.8732	203.06
0.8728	203.24
0.8724	203.45
0.872	203.64
0.8716	204.0
0.8712	204.52
0.8708	204.77
0.8704	205.0
0.87	205.1
0.8696	205.35
0.8692	205.65
0.8688	205.65
0.8684	205.65
0.868	205.84
0.8676	206.01
0.8672	206.26
0.8668	206.63
0.8664	207.25
0.866	207.33
0.8656	207.58
0.8652	207.73
0.8648	207.9
0.8644	207.92
0.864	208.13
0.8636	208.5
0.8632	208.91
0.8628	209.2
0.8624	209.45
0.862	209.67
0.8616	210.32
0.8612	210.4
0.8608	210.48
0.8604	210.63
0.86	210.76
0.8596	210.91
0.8592	211.11
0.8588	211.39
0.8584	211.68
0.858	211.98
0.8576	212.0
0.8572	212.0
0.8568	212.0
0.8564	212.07
0.856	212.38
0.8556	212.74
0.8552	212.82
0.8548	213.21
0.8544	213.58
0.854	213.61
0.8536	213.98
0.8532	214.15
0.8528	214.33
0.8524	214.61
0.852	214.71
0.8516	214.71
0.8512	214.71
0.8508	214.71
0.8504	214.71
0.85	214.95
0.8496	215.19
0.8492	215.36
0.8488	215.55
0.8484	215.72
0.848	216.01
0.8476	216.16
0.8472	216.55
0.8468	216.91
0.8464	217.1
0.846	217.39
0.8456	217.66
0.8452	217.66
0.8448	217.87
0.8444	218.08
0.844	218.14
0.8436	218.44
0.8432	218.82
0.8428	218.99
0.8424	219.21
0.842	219.29
0.8416	219.54
0.8412	219.72
0.8408	219.97
0.8404	220.07
0.84	220.29
0.8396	220.62
0.8392	221.03
0.8388	221.28
0.8384	221.31
0.838	221.58
0.8376	222.03
0.8372	222.17
0.8368	222.43
0.8364	222.81
0.836	222.97
0.8356	223.15
0.8352	223.33
0.8348	223.68
0.8344	223.84
0.834	223.94
0.8336	224.0
0.8332	224.08
0.8328	224.28
0.8324	224.61
0.832	224.71
0.8316	225.0
0.8312	225.15
0.8308	225.28
0.8304	225.59
0.83	225.76
0.8296	225.88
0.8292	226.17
0.8288	226.32
0.8284	226.56
0.828	226.87
0.8276	226.99
0.8272	227.03
0.8268	227.44
0.8264	227.96
0.826	228.28
0.8256	228.68
0.8252	228.98
0.8248	229.06
0.8244	229.48
0.824	229.72
0.8236	229.8
0.8232	229.9
0.8228	230.1
0.8224	230.45
0.822	230.67
0.8216	230.85
0.8212	231.17
0.8208	231.25
0.8204	231.52
0.82	231.78
0.8196	231.92
0.8192	232.18
0.8188	232.48
0.8184	232.67
0.818	232.95
0.8176	233.0
0.8172	233.35
0.8168	233.43
0.8164	233.53
0.816	233.9
0.8156	234.09
0.8152	234.26
0.8148	234.69
0.8144	234.72
0.814	234.92
0.8136	234.95
0.8132	235.11
0.8128	235.25
0.8124	235.36
0.812	235.49
0.8116	235.69
0.8112	235.88
0.8108	236.02
0.8104	236.45
0.81	236.57
0.8096	236.73
0.8092	236.84
0.8088	236.93
0.8084	237.0
0.808	237.08
0.8076	237.29
0.8072	237.43
0.8068	237.58
0.8064	237.76
0.806	237.93
0.8056	238.07
0.8052	238.16
0.8048	238.38
0.8044	238.53
0.804	238.72
0.8036	238.94
0.8032	239.03
0.8028	239.21
0.8024	239.21
0.802	239.35
0.8016	239.47
0.8012	239.59
0.8008	239.67
0.8004	239.86
0.8	240.25
0.7996	240.43
0.7992	240.58
0.7988	241.08
0.7984	241.16
0.798	241.35
0.7976	241.5
0.7972	241.66
0.7968	241.86
0.7964	242.02
0.796	242.4
0.7956	242.56
0.7952	242.79
0.7948	242.9
0.7944	243.03
0.794	243.36
0.7936	243.47
0.7932	243.83
0.7928	244.01
0.7924	244.21
0.792	244.44
0.7916	244.6
0.7912	244.76
0.7908	244.86
0.7904	245.01
0.79	245.35
0.7896	245.74
0.7892	245.93
0.7888	246.04
0.7884	246.16
0.788	246.48
0.7876	246.65
0.7872	246.88
0.7868	247.01
0.7864	247.31
0.786	247.64
0.7856	247.81
0.7852	248.03
0.7848	248.18
0.7844	248.41
0.784	248.54
0.7836	248.67
0.7832	248.73
0.7828	249.01
0.7824	249.18
0.782	249.34
0.7816	249.51
0.7812	249.71
0.7808	249.87
0.7804	250.14
0.78	250.33
0.7796	250.58
0.7792	250.86
0.7788	251.07
0.7784	251.22
0.778	251.57
0.7776	251.82
0.7772	251.93
0.7768	252.17
0.7764	252.41
0.776	252.59
0.7756	252.86
0.7752	253.0
0.7748	253.14
0.7744	253.3
0.774	253.33
0.7736	253.49
0.7732	253.75
0.7728	253.84
0.7724	253.93
0.772	254.18
0.7716	254.41
0.7712	254.5
0.7708	254.68
0.7704	254.85
0.77	254.96
0.7696	255.05
0.7692	255.35
0.7688	255.56
0.7684	255.8
0.768	255.95
0.7676	256.09
0.7672	256.34
0.7668	256.47
0.7664	256.65
0.766	256.8
0.7656	256.92
0.7652	257.16
0.7648	257.28
0.7644	257.51
0.764	257.88
0.7636	258.2
0.7632	258.32
0.7628	258.4
0.7624	258.58
0.762	258.75
0.7616	259.06
0.7612	259.34
0.7608	259.75
0.7604	260.09
0.76	260.17
0.7596	260.46
0.7592	260.58
0.7588	260.79
0.7584	261.0
0.758	261.36
0.7576	261.44
0.7572	261.69
0.7568	261.92
0.7564	262.17
0.756	262.47
0.7556	262.56
0.7552	262.83
0.7548	263.01
0.7544	263.09
0.754	263.28
0.7536	263.56
0.7532	263.74
0.7528	263.94
0.7524	264.01
0.752	264.14
0.7516	264.31
0.7512	264.73
0.7508	264.95
0.7504	265.17
0.75	265.48
0.7496	265.68
0.7492	265.9
0.7488	266.0
0.7484	266.1
0.748	266.36
0.7476	266.71
0.7472	266.82
0.7468	266.98
0.7464	267.06
0.746	267.26
0.7456	267.73
0.7452	267.88
0.7448	268.02
0.7444	268.29
0.744	268.52
0.7436	268.62
0.7432	268.83
0.7428	268.92
0.7424	269.17
0.742	269.37
0.7416	269.47
0.7412	269.8
0.7408	269.94
0.7404	270.18
0.74	270.3
0.7396	270.5
0.7392	270.61
0.7388	270.75
0.7384	270.82
0.738	270.99
0.7376	271.14
0.7372	271.16
0.7368	271.4
0.7364	271.62
0.736	271.76
0.7356	271.94
0.7352	272.05
0.7348	272.15
0.7344	272.26
0.734	272.65
0.7336	272.83
0.7332	272.95
0.7328	273.12
0.7324	273.47
0.732	273.9
0.7316	274.03
0.7312	274.2
0.7308	274.41
0.7304	274.57
0.73	274.73
0.7296	274.86
0.7292	274.96
0.7288	275.12
0.7284	275.31
0.728	275.44
0.7276	275.54
0.7272	275.74
0.7268	275.91
0.7264	275.96
0.726	276.27
0.7256	276.45
0.7252	276.58
0.7248	276.69
0.7244	277.05
0.724	277.17
0.7236	277.28
0.7232	277.53
0.7228	277.68
0.7224	277.79
0.722	277.97
0.7216	278.04
0.7212	278.25
0.7208	278.61
0.7204	278.69
0.72	279.0
0.7196	279.08
0.7192	279.29
0.7188	279.46
0.7184	279.73
0.718	279.79
0.7176	280.05
0.7172	280.38
0.7168	280.57
0.7164	280.68
0.716	280.76
0.7156	280.95
0.7152	281.4
0.7148	281.56
0.7144	281.7
0.714	281.89
0.7136	281.99
0.7132	282.17
0.7128	282.32
0.7124	282.71
0.712	282.83
0.7116	283.07
0.7112	283.25
0.7108	283.38
0.7104	283.56
0.71	283.88
0.7096	284.23
0.7092	284.51
0.7088	284.6
0.7084	284.7
0.708	284.75
0.7076	284.82
0.7072	284.98
0.7068	285.32
0.7064	285.56
0.706	285.71
0.7056	285.9
0.7052	285.97
0.7048	286.12
0.7044	286.2
0.704	286.56
0.7036	286.73
0.7032	286.97
0.7028	287.13
0.7024	287.29
0.702	287.48
0.7016	287.66
0.7012	287.93
0.7008	288.0
0.7004	288.21
0.7	288.34
0.6996	288.48
0.6992	288.8
0.6988	289.02
0.6984	289.26
0.698	289.61
0.6976	289.78
0.6972	290.0
0.6968	290.06
0.6964	290.14
0.696	290.59
0.6956	290.75
0.6952	291.15
0.6948	291.28
0.6944	291.5
0.694	291.86
0.6936	292.06
0.6932	292.31
0.6928	292.48
0.6924	292.51
0.692	292.73
0.6916	292.88
0.6912	292.99
0.6908	293.32
0.6904	293.55
0.69	293.75
0.6896	293.92
0.6892	294.17
0.6888	294.39
0.6884	294.7
0.688	294.78
0.6876	294.81
0.6872	294.99
0.6868	295.32
0.6864	295.42
0.686	295.69
0.6856	296.01
0.6852	296.41
0.6848	296.56
0.6844	297.02
0.684	297.27
0.6836	297.53
0.6832	297.7
0.6828	297.94
0.6824	298.16
0.682	298.27
0.6816	298.42
0.6812	298.54
0.6808	298.74
0.6804	298.9
0.68	299.01
0.6796	299.14
0.6792	299.64
0.6788	299.8
0.6784	299.83
0.678	300.04
0.6776	300.21
0.6772	300.44
0.6768	300.58
0.6764	300.72
0.676	300.99
0.6756	301.27
0.6752	301.34
0.6748	301.36
0.6744	301.46
0.674	301.75
0.6736	301.86
0.6732	302.03
0.6728	302.28
0.6724	302.46
0.672	302.6
0.6716	302.84
0.6712	303.22
0.6708	303.41
0.6704	303.47
0.67	303.69
0.6696	303.83
0.6692	304.1
0.6688	304.19
0.6684	304.41
0.668	304.44
0.6676	304.66
0.6672	304.84
0.6668	304.91
0.6664	305.17
0.666	305.48
0.6656	305.65
0.6652	305.86
0.6648	306.02
0.6644	306.19
0.664	306.4
0.6636	306.65
0.6632	306.83
0.6628	306.96
0.6624	307.02
0.662	307.1
0.6616	307.48
0.6612	307.69
0.6608	307.82
0.6604	307.94
0.66	308.11
0.6596	308.24
0.6592	308.28
0.6588	308.49
0.6584	308.72
0.658	308.92
0.6576	309.0
0.6572	309.08
0.6568	309.24
0.6564	309.52
0.656	309.6
0.6556	309.79
0.6552	309.91
0.6548	310.05
0.6544	310.11
0.654	310.47
0.6536	310.65
0.6532	310.9
0.6528	310.99
0.6524	311.17
0.652	311.29
0.6516	311.57
0.6512	311.74
0.6508	312.1
0.6504	312.29
0.65	312.52
0.6496	312.66
0.6492	312.88
0.6488	313.15
0.6484	313.26
0.648	313.45
0.6476	313.74
0.6472	313.92
0.6468	314.21
0.6464	314.49
0.646	314.59
0.6456	314.7
0.6452	314.8
0.6448	314.92
0.6444	315.19
0.644	315.25
0.6436	315.52
0.6432	315.71
0.6428	315.92
0.6424	316.26
0.642	316.57
0.6416	316.79
0.6412	316.93
0.6408	317.18
0.6404	317.46
0.64	317.54
0.6396	317.63
0.6392	317.81
0.6388	318.01
0.6384	318.23
0.638	318.37
0.6376	318.56
0.6372	318.84
0.6368	319.16
0.6364	319.39
0.636	319.64
0.6356	319.89
0.6352	320.12
0.6348	320.34
0.6344	320.6
0.634	320.83
0.6336	320.92
0.6332	321.0
0.6328	321.24
0.6324	321.51
0.632	321.72
0.6316	321.8
0.6312	322.1
0.6308	322.45
0.6304	322.57
0.63	322.77
0.6296	322.93
0.6292	323.14
0.6288	323.19
0.6284	323.48
0.628	323.6
0.6276	323.76
0.6272	323.87
0.6268	324.08
0.6264	324.36
0.626	324.57
0.6256	324.91
0.6252	325.02
0.6248	325.29
0.6244	325.38
0.624	325.53
0.6236	325.76
0.6232	325.95
0.6228	326.03
0.6224	326.16
0.622	326.35
0.6216	326.59
0.6212	326.86
0.6208	327.05
0.6204	327.13
0.62	327.33
0.6196	327.51
0.6192	327.6
0.6188	327.81
0.6184	328.1
0.618	328.36
0.6176	328.41
0.6172	328.73
0.6168	328.86
0.6164	329.0
0.616	329.25
0.6156	329.37
0.6152	329.54
0.6148	329.76
0.6144	329.89
0.614	330.21
0.6136	330.39
0.6132	330.62
0.6128	330.65
0.6124	330.76
0.612	330.84
0.6116	331.05
0.6112	331.23
0.6108	331.61
0.6104	331.92
0.61	332.0
0.6096	332.36
0.6092	332.65
0.6088	332.89
0.6084	333.03
0.608	333.19
0.6076	333.25
0.6072	333.43
0.6068	333.62
0.6064	333.82
0.606	334.08
0.6056	334.3
0.6052	334.48
0.6048	334.58
0.6044	334.77
0.604	334.95
0.6036	335.13
0.6032	335.26
0.6028	335.34
0.6024	335.5
0.602	335.85
0.6016	335.92
0.6012	336.0
0.6008	336.0
0.6004	336.1
0.6	336.28
0.5996	336.5
0.5992	336.64
0.5988	336.93
0.5984	337.03
0.598	337.26
0.5976	337.38
0.5972	337.58
0.5968	337.63
0.5964	338.03
0.596	338.29
0.5956	338.36
0.5952	338.49
0.5948	338.7
0.5944	338.71
0.594	338.86
0.5936	339.02
0.5932	339.28
0.5928	339.35
0.5924	339.54
0.592	339.83
0.5916	340.05
0.5912	340.19
0.5908	340.47
0.5904	340.85
0.59	341.11
0.5896	341.26
0.5892	341.37
0.5888	341.6
0.5884	341.79
0.588	341.89
0.5876	342.12
0.5872	342.24
0.5868	342.49
0.5864	342.58
0.586	342.81
0.5856	343.21
0.5852	343.35
0.5848	343.68
0.5844	343.84
0.584	344.04
0.5836	344.3
0.5832	344.46
0.5828	344.9
0.5824	344.99
0.582	345.23
0.5816	345.44
0.5812	345.56
0.5808	345.74
0.5804	345.95
0.58	346.08
0.5796	346.42
0.5792	346.53
0.5788	346.75
0.5784	346.86
0.578	347.18
0.5776	347.32
0.5772	347.42
0.5768	347.63
0.5764	347.8
0.576	347.89
0.5756	348.07
0.5752	348.15
0.5748	348.28
0.5744	348.55
0.574	348.78
0.5736	348.88
0.5732	348.98
0.5728	349.08
0.5724	349.21
0.572	349.39
0.5716	349.59
0.5712	349.82
0.5708	350.0
0.5704	350.16
0.57	350.38
0.5696	350.51
0.5692	350.88
0.5688	351.04
0.5684	351.16
0.568	351.43
0.5676	351.72
0.5672	351.81
0.5668	352.2
0.5664	352.46
0.566	352.65
0.5656	352.93
0.5652	353.08
0.5648	353.21
0.5644	353.44
0.564	353.7
0.5636	353.96
0.5632	354.19
0.5628	354.33
0.5624	354.49
0.562	354.58
0.5616	354.77
0.5612	354.92
0.5608	355.1
0.5604	355.16
0.56	355.34
0.5596	355.58
0.5592	355.88
0.5588	356.37
0.5584	356.46
0.558	356.63
0.5576	356.79
0.5572	357.01
0.5568	357.34
0.5564	357.49
0.556	357.74
0.5556	357.88
0.5552	357.99
0.5548	358.1
0.5544	358.22
0.554	358.39
0.5536	358.6
0.5532	358.8
0.5528	359.0
0.5524	359.28
0.552	359.4
0.5516	359.56
0.5512	359.69
0.5508	359.83
0.5504	360.0
0.55	360.25
0.5496	360.35
0.5492	360.47
0.5488	360.62
0.5484	360.71
0.548	361.0
0.5476	361.24
0.5472	361.62
0.5468	361.9
0.5464	362.1
0.546	362.5
0.5456	362.57
0.5452	362.76
0.5448	362.95
0.5444	363.1
0.544	363.3
0.5436	363.46
0.5432	363.78
0.5428	363.84
0.5424	364.01
0.542	364.22
0.5416	364.48
0.5412	364.56
0.5408	364.78
0.5404	364.97
0.54	365.17
0.5396	365.49
0.5392	365.76
0.5388	365.93
0.5384	366.07
0.538	366.28
0.5376	366.41
0.5372	366.48
0.5368	366.74
0.5364	366.94
0.536	367.17
0.5356	367.29
0.5352	367.55
0.5348	367.87
0.5344	368.0
0.534	368.06
0.5336	368.27
0.5332	368.7
0.5328	368.83
0.5324	368.98
0.532	369.08
0.5316	369.26
0.5312	369.43
0.5308	369.71
0.5304	369.87
0.53	370.04
0.5296	370.17
0.5292	370.45
0.5288	370.54
0.5284	370.7
0.528	371.0
0.5276	371.11
0.5272	371.59
0.5268	371.96
0.5264	372.34
0.526	372.52
0.5256	372.84
0.5252	373.08
0.5248	373.32
0.5244	373.69
0.524	373.89
0.5236	374.12
0.5232	374.23
0.5228	374.48
0.5224	374.89
0.522	375.09
0.5216	375.28
0.5212	375.58
0.5208	375.71
0.5204	375.84
0.52	375.95
0.5196	376.0
0.5192	376.13
0.5188	376.3
0.5184	376.4
0.518	376.64
0.5176	376.79
0.5172	377.05
0.5168	377.13
0.5164	377.5
0.516	377.73
0.5156	377.81
0.5152	378.04
0.5148	378.24
0.5144	378.46
0.514	378.47
0.5136	378.6
0.5132	378.73
0.5128	378.99
0.5124	379.28
0.512	379.52
0.5116	379.84
0.5112	380.22
0.5108	380.51
0.5104	380.69
0.51	380.83
0.5096	381.08
0.5092	381.14
0.5088	381.43
0.5084	381.65
0.508	381.89
0.5076	382.07
0.5072	382.25
0.5068	382.5
0.5064	382.78
0.506	382.89
0.5056	383.07
0.5052	383.37
0.5048	383.64
0.5044	383.92
0.504	384.02
0.5036	384.39
0.5032	384.69
0.5028	384.77
0.5024	385.11
0.502	385.26
0.5016	385.55
0.5012	385.76
0.5008	385.99
0.5004	386.25
0.5	386.35
0.4996	386.48
0.4992	386.6
0.4988	386.79
0.4984	386.87
0.498	387.17
0.4976	387.26
0.4972	387.33
0.4968	387.78
0.4964	388.0
0.496	388.19
0.4956	388.31
0.4952	388.53
0.4948	388.83
0.4944	388.96
0.494	389.27
0.4936	389.34
0.4932	389.77
0.4928	389.89
0.4924	389.96
0.492	390.16
0.4916	390.33
0.4912	390.4
0.4908	390.63
0.4904	390.8
0.49	391.19
0.4896	391.47
0.4892	391.74
0.4888	392.0
0.4884	392.46
0.488	392.62
0.4876	392.75
0.4872	392.88
0.4868	393.01
0.4864	393.04
0.486	393.11
0.4856	393.23
0.4852	393.48
0.4848	393.65
0.4844	393.75
0.484	393.84
0.4836	394.04
0.4832	394.31
0.4828	394.48
0.4824	394.68
0.482	394.74
0.4816	394.85
0.4812	395.0
0.4808	395.09
0.4804	395.4
0.48	395.63
0.4796	395.92
0.4792	395.95
0.4788	396.11
0.4784	396.41
0.478	396.66
0.4776	396.84
0.4772	397.12
0.4768	397.34
0.4764	397.56
0.476	397.7
0.4756	398.02
0.4752	398.52
0.4748	398.59
0.4744	398.81
0.474	399.17
0.4736	399.49
0.4732	399.99
0.4728	400.28
0.4724	400.48
0.472	400.72
0.4716	400.86
0.4712	400.98
0.4708	401.18
0.4704	401.44
0.47	401.55
0.4696	401.66
0.4692	401.81
0.4688	402.0
0.4684	402.23
0.468	402.36
0.4676	402.53
0.4672	402.59
0.4668	402.72
0.4664	403.08
0.466	403.36
0.4656	403.47
0.4652	403.58
0.4648	403.75
0.4644	403.88
0.464	404.11
0.4636	404.21
0.4632	404.36
0.4628	404.48
0.4624	404.68
0.462	404.85
0.4616	405.5
0.4612	405.59
0.4608	405.96
0.4604	406.16
0.46	406.34
0.4596	406.51
0.4592	407.0
0.4588	407.15
0.4584	407.36
0.458	407.51
0.4576	407.76
0.4572	407.94
0.4568	408.23
0.4564	408.35
0.456	408.58
0.4556	409.0
0.4552	409.0
0.4548	409.21
0.4544	409.44
0.454	409.54
0.4536	409.73
0.4532	409.88
0.4528	409.94
0.4524	410.08
0.452	410.33
0.4516	410.53
0.4512	410.65
0.4508	410.8
0.4504	411.04
0.45	411.31
0.4496	411.44
0.4492	411.71
0.4488	411.72
0.4484	411.94
0.448	412.08
0.4476	412.32
0.4472	412.58
0.4468	412.75
0.4464	412.91
0.446	413.32
0.4456	413.36
0.4452	413.36
0.4448	413.5
0.4444	413.74
0.444	414.07
0.4436	414.33
0.4432	414.49
0.4428	414.76
0.4424	414.94
0.442	415.17
0.4416	415.36
0.4412	415.6
0.4408	415.86
0.4404	416.01
0.44	416.12
0.4396	416.29
0.4392	416.47
0.4388	416.67
0.4384	416.92
0.438	417.28
0.4376	417.55
0.4372	417.68
0.4368	417.98
0.4364	418.02
0.436	418.26
0.4356	418.44
0.4352	418.57
0.4348	418.68
0.4344	418.88
0.434	419.12
0.4336	419.18
0.4332	419.48
0.4328	419.65
0.4324	419.85
0.432	420.05
0.4316	420.19
0.4312	420.44
0.4308	420.66
0.4304	420.88
0.43	421.0
0.4296	421.11
0.4292	421.25
0.4288	421.43
0.4284	421.68
0.428	422.02
0.4276	422.36
0.4272	422.5
0.4268	422.91
0.4264	423.28
0.426	423.41
0.4256	423.45
0.4252	423.71
0.4248	423.9
0.4244	424.16
0.424	424.43
0.4236	424.76
0.4232	425.0
0.4228	425.32
0.4224	425.5
0.422	425.75
0.4216	425.98
0.4212	426.12
0.4208	426.36
0.4204	426.47
0.42	426.65
0.4196	427.0
0.4192	427.26
0.4188	427.44
0.4184	427.59
0.418	427.78
0.4176	427.96
0.4172	428.08
0.4168	428.5
0.4164	428.66
0.416	428.89
0.4156	429.09
0.4152	429.16
0.4148	429.57
0.4144	429.74
0.414	429.98
0.4136	430.18
0.4132	430.39
0.4128	430.76
0.4124	430.97
0.412	431.0
0.4116	431.0
0.4112	431.16
0.4108	431.49
0.4104	431.71
0.41	432.09
0.4096	432.17
0.4092	432.3
0.4088	432.51
0.4084	432.77
0.408	432.88
0.4076	432.99
0.4072	433.15
0.4068	433.56
0.4064	433.71
0.406	433.71
0.4056	433.94
0.4052	434.16
0.4048	434.44
0.4044	434.73
0.404	434.81
0.4036	435.16
0.4032	435.33
0.4028	435.52
0.4024	435.75
0.402	435.98
0.4016	436.2
0.4012	436.61
0.4008	436.78
0.4004	437.16
0.4	437.58
0.3996	437.83
0.3992	438.01
0.3988	438.2
0.3984	438.33
0.398	438.84
0.3976	438.93
0.3972	439.0
0.3968	439.31
0.3964	439.64
0.396	439.84
0.3956	440.07
0.3952	440.25
0.3948	440.55
0.3944	440.67
0.394	440.81
0.3936	441.12
0.3932	441.35
0.3928	441.45
0.3924	441.83
0.392	441.89
0.3916	442.01
0.3912	442.35
0.3908	443.07
0.3904	443.34
0.39	443.61
0.3896	443.71
0.3892	443.81
0.3888	443.89
0.3884	444.02
0.388	444.34
0.3876	444.47
0.3872	444.71
0.3868	444.95
0.3864	445.14
0.386	445.52
0.3856	445.63
0.3852	445.8
0.3848	446.09
0.3844	446.39
0.384	446.71
0.3836	446.87
0.3832	447.23
0.3828	447.62
0.3824	447.72
0.382	447.98
0.3816	448.13
0.3812	448.35
0.3808	448.54
0.3804	448.63
0.38	448.83
0.3796	448.94
0.3792	449.19
0.3788	449.52
0.3784	449.87
0.378	450.19
0.3776	450.34
0.3772	450.42
0.3768	450.58
0.3764	450.78
0.376	451.09
0.3756	451.36
0.3752	451.69
0.3748	451.84
0.3744	451.98
0.374	452.36
0.3736	452.37
0.3732	452.51
0.3728	452.84
0.3724	452.92
0.372	453.01
0.3716	453.11
0.3712	453.19
0.3708	453.32
0.3704	453.83
0.37	454.15
0.3696	454.26
0.3692	454.56
0.3688	454.86
0.3684	454.99
0.368	455.2
0.3676	455.46
0.3672	455.73
0.3668	455.92
0.3664	456.08
0.366	456.46
0.3656	456.58
0.3652	456.8
0.3648	456.97
0.3644	457.18
0.364	457.4
0.3636	457.47
0.3632	457.57
0.3628	457.94
0.3624	458.21
0.362	458.31
0.3616	458.41
0.3612	458.53
0.3608	458.69
0.3604	458.82
0.36	458.99
0.3596	459.07
0.3592	459.24
0.3588	459.58
0.3584	459.76
0.358	460.05
0.3576	460.54
0.3572	460.7
0.3568	460.88
0.3564	461.12
0.356	461.23
0.3556	461.52
0.3552	461.86
0.3548	462.12
0.3544	462.18
0.354	462.45
0.3536	463.14
0.3532	463.37
0.3528	463.55
0.3524	463.66
0.352	463.88
0.3516	464.21
0.3512	464.34
0.3508	464.62
0.3504	464.74
0.35	464.81
0.3496	464.98
0.3492	465.31
0.3488	465.39
0.3484	465.52
0.348	465.64
0.3476	465.73
0.3472	465.94
0.3468	466.06
0.3464	466.21
0.346	466.36
0.3456	466.56
0.3452	466.76
0.3448	467.07
0.3444	467.15
0.344	467.38
0.3436	467.54
0.3432	467.76
0.3428	468.0
0.3424	468.21
0.342	468.37
0.3416	468.77
0.3412	469.02
0.3408	469.28
0.3404	469.37
0.34	469.47
0.3396	469.98
0.3392	470.11
0.3388	470.4
0.3384	470.9
0.338	471.08
0.3376	471.26
0.3372	471.39
0.3368	471.54
0.3364	471.71
0.336	472.03
0.3356	472.62
0.3352	473.04
0.3348	473.24
0.3344	473.46
0.334	473.64
0.3336	473.81
0.3332	473.97
0.3328	474.13
0.3324	474.39
0.332	474.54
0.3316	474.7
0.3312	474.83
0.3308	475.11
0.3304	475.47
0.33	475.89
0.3296	476.31
0.3292	476.52
0.3288	476.79
0.3284	477.15
0.328	477.47
0.3276	477.75
0.3272	478.08
0.3268	478.36
0.3264	478.57
0.326	478.74
0.3256	478.74
0.3252	479.07
0.3248	479.24
0.3244	479.59
0.324	479.91
0.3236	480.12
0.3232	480.26
0.3228	480.48
0.3224	480.77
0.322	480.86
0.3216	481.23
0.3212	481.53
0.3208	481.91
0.3204	482.09
0.32	482.41
0.3196	482.58
0.3192	482.7
0.3188	482.96
0.3184	483.08
0.318	483.27
0.3176	483.51
0.3172	483.74
0.3168	484.0
0.3164	484.29
0.316	484.49
0.3156	484.77
0.3152	484.95
0.3148	485.06
0.3144	485.2
0.314	485.42
0.3136	485.57
0.3132	485.92
0.3128	486.19
0.3124	486.24
0.312	486.58
0.3116	487.03
0.3112	487.36
0.3108	487.7
0.3104	488.08
0.31	488.2
0.3096	488.54
0.3092	488.87
0.3088	489.18
0.3084	489.2
0.308	489.38
0.3076	489.54
0.3072	489.84
0.3068	490.12
0.3064	490.6
0.306	490.8
0.3056	490.91
0.3052	491.1
0.3048	491.24
0.3044	491.47
0.304	491.8
0.3036	491.92
0.3032	492.11
0.3028	492.24
0.3024	492.41
0.302	492.72
0.3016	492.83
0.3012	493.21
0.3008	493.54
0.3004	493.77
0.3	494.21
0.2996	494.3
0.2992	494.49
0.2988	494.69
0.2984	494.93
0.298	495.14
0.2976	495.39
0.2972	495.6
0.2968	495.86
0.2964	496.24
0.296	496.57
0.2956	496.8
0.2952	496.89
0.2948	497.4
0.2944	497.55
0.294	497.84
0.2936	498.01
0.2932	498.16
0.2928	498.58
0.2924	498.89
0.292	499.4
0.2916	499.67
0.2912	500.11
0.2908	500.28
0.2904	500.42
0.29	500.72
0.2896	500.87
0.2892	500.93
0.2888	501.12
0.2884	501.45
0.288	501.74
0.2876	501.95
0.2872	502.09
0.2868	502.49
0.2864	502.87
0.286	503.05
0.2856	503.2
0.2852	503.54
0.2848	503.79
0.2844	504.21
0.284	504.36
0.2836	504.55
0.2832	504.85
0.2828	505.06
0.2824	505.26
0.282	505.46
0.2816	505.78
0.2812	505.91
0.2808	506.04
0.2804	506.29
0.28	506.58
0.2796	506.76
0.2792	506.97
0.2788	507.09
0.2784	507.21
0.278	507.5
0.2776	507.87
0.2772	508.01
0.2768	508.28
0.2764	508.47
0.276	508.6
0.2756	508.82
0.2752	509.08
0.2748	509.23
0.2744	509.35
0.274	509.53
0.2736	509.66
0.2732	510.15
0.2728	510.48
0.2724	510.72
0.272	511.2
0.2716	511.34
0.2712	511.68
0.2708	511.97
0.2704	512.42
0.27	512.68
0.2696	512.92
0.2692	513.1
0.2688	513.3
0.2684	513.81
0.268	513.91
0.2676	514.11
0.2672	514.31
0.2668	514.57
0.2664	514.97
0.266	515.21
0.2656	515.51
0.2652	515.91
0.2648	516.54
0.2644	516.85
0.264	517.15
0.2636	517.48
0.2632	517.96
0.2628	518.35
0.2624	518.45
0.262	518.7
0.2616	518.78
0.2612	518.86
0.2608	519.31
0.2604	519.49
0.26	519.85
0.2596	520.13
0.2592	520.45
0.2588	520.74
0.2584	520.94
0.258	521.2
0.2576	521.45
0.2572	521.87
0.2568	522.08
0.2564	522.34
0.256	522.57
0.2556	522.91
0.2552	523.3
0.2548	523.52
0.2544	524.04
0.254	524.18
0.2536	524.33
0.2532	524.48
0.2528	524.83
0.2524	525.17
0.252	525.42
0.2516	525.95
0.2512	526.45
0.2508	526.65
0.2504	527.07
0.25	527.4
0.2496	527.49
0.2492	527.89
0.2488	528.09
0.2484	528.21
0.248	528.55
0.2476	528.73
0.2472	529.23
0.2468	529.4
0.2464	529.81
0.246	530.11
0.2456	530.38
0.2452	530.66
0.2448	530.94
0.2444	531.22
0.244	532.04
0.2436	532.14
0.2432	532.39
0.2428	532.75
0.2424	532.9
0.242	533.19
0.2416	533.5
0.2412	533.76
0.2408	534.12
0.2404	534.44
0.24	534.86
0.2396	535.08
0.2392	535.46
0.2388	535.93
0.2384	536.22
0.238	536.68
0.2376	536.87
0.2372	537.09
0.2368	537.61
0.2364	537.87
0.236	538.11
0.2356	538.33
0.2352	538.51
0.2348	538.89
0.2344	539.0
0.234	539.09
0.2336	539.35
0.2332	539.87
0.2328	540.15
0.2324	540.41
0.232	540.6
0.2316	541.0
0.2312	541.0
0.2308	541.23
0.2304	541.43
0.23	541.72
0.2296	542.1
0.2292	542.43
0.2288	542.7
0.2284	542.95
0.228	543.36
0.2276	543.6
0.2272	544.02
0.2268	544.51
0.2264	544.69
0.226	545.06
0.2256	545.2
0.2252	545.7
0.2248	546.11
0.2244	546.34
0.224	546.67
0.2236	547.67
0.2232	548.31
0.2228	548.47
0.2224	548.95
0.222	549.11
0.2216	549.74
0.2212	550.04
0.2208	550.19
0.2204	550.5
0.22	550.88
0.2196	551.08
0.2192	551.65
0.2188	551.92
0.2184	552.08
0.218	552.29
0.2176	552.54
0.2172	552.79
0.2168	553.03
0.2164	553.51
0.216	553.99
0.2156	554.44
0.2152	554.76
0.2148	554.98
0.2144	555.25
0.214	555.71
0.2136	556.35
0.2132	556.9
0.2128	557.55
0.2124	557.87
0.212	557.98
0.2116	558.56
0.2112	558.99
0.2108	559.37
0.2104	559.6
0.21	560.02
0.2096	560.12
0.2092	560.7
0.2088	560.89
0.2084	560.99
0.208	561.17
0.2076	561.52
0.2072	561.88
0.2068	562.06
0.2064	562.48
0.206	562.88
0.2056	563.26
0.2052	563.71
0.2048	564.14
0.2044	564.38
0.204	564.96
0.2036	565.27
0.2032	565.48
0.2028	565.77
0.2024	566.12
0.202	566.47
0.2016	567.0
0.2012	567.11
0.2008	567.77
0.2004	567.94
0.2	568.36
0.1996	568.84
0.1992	569.3
0.1988	569.99
0.1984	570.43
0.198	570.55
0.1976	570.81
0.1972	571.08
0.1968	571.79
0.1964	572.27
0.196	572.83
0.1956	573.17
0.1952	573.49
0.1948	573.72
0.1944	573.96
0.194	574.17
0.1936	574.49
0.1932	574.7
0.1928	574.99
0.1924	575.4
0.192	575.91
0.1916	576.33
0.1912	576.57
0.1908	576.83
0.1904	577.12
0.19	577.77
0.1896	578.38
0.1892	578.83
0.1888	579.15
0.1884	579.5
0.188	579.76
0.1876	580.02
0.1872	580.3
0.1868	580.58
0.1864	580.9
0.186	581.2
0.1856	581.51
0.1852	581.72
0.1848	582.29
0.1844	582.69
0.184	583.16
0.1836	583.55
0.1832	583.77
0.1828	584.03
0.1824	584.83
0.182	585.11
0.1816	585.22
0.1812	585.61
0.1808	586.19
0.1804	586.44
0.18	587.06
0.1796	587.36
0.1792	587.68
0.1788	587.93
0.1784	588.65
0.178	588.94
0.1776	589.26
0.1772	590.04
0.1768	590.6
0.1764	590.87
0.176	591.41
0.1756	591.94
0.1752	592.34
0.1748	592.78
0.1744	592.99
0.174	593.5
0.1736	593.82
0.1732	594.26
0.1728	594.94
0.1724	595.32
0.172	595.98
0.1716	596.2
0.1712	596.41
0.1708	596.63
0.1704	596.98
0.17	597.48
0.1696	597.89
0.1692	598.19
0.1688	598.72
0.1684	599.01
0.168	599.56
0.1676	599.97
0.1672	600.16
0.1668	600.36
0.1664	600.87
0.166	601.4
0.1656	601.62
0.1652	602.04
0.1648	602.5
0.1644	602.76
0.164	603.25
0.1636	604.18
0.1632	604.43
0.1628	604.8
0.1624	605.1
0.162	605.26
0.1616	605.94
0.1612	606.79
0.1608	607.7
0.1604	607.79
0.16	607.89
0.1596	608.4
0.1592	608.87
0.1588	609.31
0.1584	609.56
0.158	610.22
0.1576	610.68
0.1572	611.47
0.1568	611.91
0.1564	612.4
0.156	612.84
0.1556	613.59
0.1552	614.11
0.1548	614.27
0.1544	614.72
0.154	615.01
0.1536	615.51
0.1532	616.1
0.1528	616.3
0.1524	616.94
0.152	617.74
0.1516	618.13
0.1512	619.04
0.1508	619.57
0.1504	619.9
0.15	620.19
0.1496	621.02
0.1492	621.38
0.1488	621.8
0.1484	622.07
0.148	622.47
0.1476	622.69
0.1472	623.14
0.1468	623.51
0.1464	623.74
0.146	624.24
0.1456	624.68
0.1452	625.05
0.1448	625.31
0.1444	625.83
0.144	626.53
0.1436	627.05
0.1432	627.49
0.1428	628.36
0.1424	628.72
0.142	629.13
0.1416	630.08
0.1412	630.76
0.1408	630.9
0.1404	631.56
0.14	632.53
0.1396	633.44
0.1392	634.3
0.1388	634.59
0.1384	635.23
0.138	635.89
0.1376	636.12
0.1372	636.8
0.1368	637.17
0.1364	637.54
0.136	637.99
0.1356	638.42
0.1352	638.7
0.1348	639.23
0.1344	639.83
0.134	640.68
0.1336	641.4
0.1332	641.71
0.1328	642.17
0.1324	642.67
0.132	642.98
0.1316	643.29
0.1312	643.59
0.1308	643.85
0.1304	644.43
0.13	644.69
0.1296	645.23
0.1292	646.11
0.1288	646.46
0.1284	646.78
0.128	647.39
0.1276	647.79
0.1272	647.96
0.1268	648.34
0.1264	649.02
0.126	649.44
0.1256	650.54
0.1252	650.74
0.1248	651.3
0.1244	651.55
0.124	652.34
0.1236	653.27
0.1232	653.55
0.1228	654.03
0.1224	654.48
0.122	655.53
0.1216	656.07
0.1212	656.51
0.1208	656.68
0.1204	657.81
0.12	658.56
0.1196	658.82
0.1192	659.88
0.1188	660.24
0.1184	660.68
0.118	660.96
0.1176	661.38
0.1172	662.14
0.1168	662.56
0.1164	663.06
0.116	664.05
0.1156	664.5
0.1152	664.95
0.1148	665.32
0.1144	665.57
0.114	665.98
0.1136	666.33
0.1132	666.96
0.1128	667.22
0.1124	667.97
0.112	668.57
0.1116	669.08
0.1112	669.52
0.1108	669.98
0.1104	670.41
0.11	671.11
0.1096	671.48
0.1092	672.21
0.1088	673.2
0.1084	674.02
0.108	674.71
0.1076	675.4
0.1072	676.1
0.1068	676.54
0.1064	676.87
0.106	677.3
0.1056	677.79
0.1052	678.98
0.1048	679.82
0.1044	680.23
0.104	680.72
0.1036	681.07
0.1032	681.63
0.1028	681.8
0.1024	682.0
0.102	682.17
0.1016	683.12
0.1012	683.76
0.1008	684.22
0.1004	684.66
0.1	685.65
0.0996	686.37
0.0992	687.04
0.0988	687.94
0.0984	688.42
0.098	689.51
0.0976	690.27
0.0972	690.81
0.0968	691.04
0.0964	691.37
0.096	691.85
0.0956	692.28
0.0952	693.13
0.0948	693.77
0.0944	694.74
0.094	695.56
0.0936	697.21
0.0932	698.08
0.0928	698.59
0.0924	699.14
0.092	700.35
0.0916	700.75
0.0912	701.52
0.0908	702.49
0.0904	703.59
0.09	704.76
0.0896	705.79
0.0892	706.33
0.0888	706.98
0.0884	707.73
0.088	708.43
0.0876	708.87
0.0872	709.4
0.0868	710.14
0.0864	711.27
0.086	712.34
0.0856	713.04
0.0852	714.44
0.0848	715.04
0.0844	715.93
0.084	717.06
0.0836	717.59
0.0832	718.27
0.0828	719.07
0.0824	719.45
0.082	720.12
0.0816	721.34
0.0812	721.94
0.0808	722.81
0.0804	723.83
0.08	724.66
0.0796	725.3
0.0792	726.06
0.0788	726.4
0.0784	726.61
0.078	727.29
0.0776	729.34
0.0772	730.18
0.0768	730.82
0.0764	731.94
0.076	732.32
0.0756	732.99
0.0752	733.8
0.0748	734.51
0.0744	736.14
0.074	736.83
0.0736	738.39
0.0732	739.61
0.0728	740.15
0.0724	741.32
0.072	742.49
0.0716	742.87
0.0712	743.65
0.0708	744.14
0.0704	745.27
0.07	746.21
0.0696	746.75
0.0692	747.4
0.0688	748.31
0.0684	749.3
0.068	749.94
0.0676	750.88
0.0672	752.05
0.0668	752.65
0.0664	754.36
0.066	755.07
0.0656	755.61
0.0652	756.18
0.0648	756.85
0.0644	758.23
0.064	759.29
0.0636	760.58
0.0632	761.55
0.0628	762.33
0.0624	763.21
0.062	764.25
0.0616	765.01
0.0612	765.98
0.0608	766.92
0.0604	767.77
0.06	768.29
0.0596	769.54
0.0592	770.14
0.0588	771.75
0.0584	773.18
0.058	773.86
0.0576	774.62
0.0572	775.58
0.0568	776.66
0.0564	777.43
0.056	778.55
0.0556	779.87
0.0552	781.06
0.0548	781.65
0.0544	784.22
0.054	784.84
0.0536	786.12
0.0532	786.65
0.0528	787.27
0.0524	788.31
0.052	790.14
0.0516	791.04
0.0512	791.43
0.0508	791.72
0.0504	793.33
0.05	794.61
0.0496	795.38
0.0492	796.25
0.0488	797.11
0.0484	798.42
0.048	800.27
0.0476	800.77
0.0472	801.87
0.0468	803.03
0.0464	804.3
0.046	805.13
0.0456	807.21
0.0452	807.91
0.0448	809.41
0.0444	810.84
0.044	812.06
0.0436	812.95
0.0432	813.84
0.0428	815.76
0.0424	816.89
0.042	818.9
0.0416	819.83
0.0412	821.1
0.0408	822.28
0.0404	823.48
0.04	825.16
0.0396	827.01
0.0392	828.73
0.0388	830.29
0.0384	830.73
0.038	831.24
0.0376	833.01
0.0372	835.0
0.0368	835.87
0.0364	837.92
0.036	838.56
0.0356	839.35
0.0352	840.08
0.0348	840.47
0.0344	841.5
0.034	842.38
0.0336	845.23
0.0332	848.74
0.0328	852.08
0.0324	853.87
0.032	854.97
0.0316	856.28
0.0312	857.7
0.0308	859.05
0.0304	861.9
0.03	862.89
0.0296	865.19
0.0292	867.75
0.0288	871.39
0.0284	871.89
0.028	873.28
0.0276	874.36
0.0272	876.11
0.0268	877.25
0.0264	878.55
0.026	881.24
0.0256	883.71
0.0252	885.5
0.0248	888.58
0.0244	890.64
0.024	892.09
0.0236	896.7
0.0232	899.3
0.0228	901.56
0.0224	905.61
0.022	906.78
0.0216	907.97
0.0212	910.24
0.0208	911.88
0.0204	914.11
0.02	917.92
0.0196	920.71
0.0192	924.36
0.0188	926.3
0.0184	928.12
0.018	930.63
0.0176	934.62
0.0172	938.34
0.0168	939.56
0.0164	941.5
0.016	944.76
0.0156	947.21
0.0152	948.94
0.0148	950.08
0.0144	953.98
0.014	958.06
0.0136	959.98
0.0132	964.98
0.0128	966.32
0.0124	969.35
0.012	970.13
0.0116	970.79
0.0112	975.03
0.0108	978.67
0.0104	983.54
0.01	986.68
0.00960000000004	991.59
0.00920000000004	993.32
0.00880000000004	998.3
0.00840000000004	1001.88
0.00800000000004	1005.53
0.00760000000004	1010.64
0.00720000000004	1018.11
0.00680000000004	1024.83
0.00640000000004	1030.18
0.00600000000004	1038.0
0.00560000000004	1042.21
0.00520000000004	1048.05
0.00480000000004	1057.69
0.00440000000004	1064.4
0.00400000000004	1075.52
0.00360000000004	1086.29
0.00320000000004	1093.27
0.00280000000004	1103.49
0.00240000000004	1118.44
0.00200000000004	1130.68
0.00160000000004	1146.16
0.00120000000004	1176.58
0.000800000000045	1193.69
0.000400000000045	1206.08
4.48678637646e-14	1228.35
-0.000399999999955	1298.11
